{
 "cells": [
  {
   "cell_type": "code",
   "execution_count": 1,
   "id": "42e8a043-34dc-43cf-b822-b36cf4b2d12a",
   "metadata": {},
   "outputs": [],
   "source": [
    "import pandas as pd"
   ]
  },
  {
   "cell_type": "code",
   "execution_count": 2,
   "id": "f3d0c1a4-9fed-4528-99d0-b103fe69bcb3",
   "metadata": {},
   "outputs": [],
   "source": [
    "df1 = pd.read_csv('With Yeo Johnson 80-20 Applying Hyperparameter BFE Top 4 features.csv')\n",
    "df2 = pd.read_csv('With Yeo Johnson 80-20 Applying Hyperparameter BFE Top 5 features.csv')\n",
    "df3 = pd.read_csv('With Yeo Johnson 80-20 Applying Hyperparameter BFE Top 7 features.csv')\n",
    "df4 = pd.read_csv('With Yeo Johnson 80-20 Applying Hyperparameter BFE Top 9 features.csv')"
   ]
  },
  {
   "cell_type": "code",
   "execution_count": 3,
   "id": "96dfaa5c-349a-4a1b-8b9a-fbab5c65ec5c",
   "metadata": {},
   "outputs": [
    {
     "data": {
      "text/html": [
       "<div>\n",
       "<style scoped>\n",
       "    .dataframe tbody tr th:only-of-type {\n",
       "        vertical-align: middle;\n",
       "    }\n",
       "\n",
       "    .dataframe tbody tr th {\n",
       "        vertical-align: top;\n",
       "    }\n",
       "\n",
       "    .dataframe thead th {\n",
       "        text-align: right;\n",
       "    }\n",
       "</style>\n",
       "<table border=\"1\" class=\"dataframe\">\n",
       "  <thead>\n",
       "    <tr style=\"text-align: right;\">\n",
       "      <th></th>\n",
       "      <th>Unnamed: 0</th>\n",
       "      <th>0</th>\n",
       "      <th>1</th>\n",
       "      <th>2</th>\n",
       "      <th>3</th>\n",
       "      <th>4</th>\n",
       "      <th>5</th>\n",
       "    </tr>\n",
       "  </thead>\n",
       "  <tbody>\n",
       "    <tr>\n",
       "      <th>0</th>\n",
       "      <td>Metrics</td>\n",
       "      <td>Accuracy</td>\n",
       "      <td>Precision</td>\n",
       "      <td>Recall</td>\n",
       "      <td>F1 Score</td>\n",
       "      <td>Cohen Kappa</td>\n",
       "      <td>AUC</td>\n",
       "    </tr>\n",
       "    <tr>\n",
       "      <th>1</th>\n",
       "      <td>SVC</td>\n",
       "      <td>0.9101731601731602</td>\n",
       "      <td>0.9245283018867925</td>\n",
       "      <td>0.9245283018867925</td>\n",
       "      <td>0.9245283018867925</td>\n",
       "      <td>0.8767441860465116</td>\n",
       "      <td>0.987037037037037</td>\n",
       "    </tr>\n",
       "    <tr>\n",
       "      <th>2</th>\n",
       "      <td>LR</td>\n",
       "      <td>0.8577922077922077</td>\n",
       "      <td>0.8655806867455761</td>\n",
       "      <td>0.8679245283018868</td>\n",
       "      <td>0.863924235775925</td>\n",
       "      <td>0.7840512223515717</td>\n",
       "      <td>0.9735714285714286</td>\n",
       "    </tr>\n",
       "    <tr>\n",
       "      <th>3</th>\n",
       "      <td>KNN</td>\n",
       "      <td>0.8577922077922079</td>\n",
       "      <td>0.8932380171100434</td>\n",
       "      <td>0.8867924528301887</td>\n",
       "      <td>0.8886851104915043</td>\n",
       "      <td>0.817451205510907</td>\n",
       "      <td>0.9635569985569985</td>\n",
       "    </tr>\n",
       "  </tbody>\n",
       "</table>\n",
       "</div>"
      ],
      "text/plain": [
       "  Unnamed: 0                   0                   1                   2  \\\n",
       "0    Metrics            Accuracy           Precision              Recall   \n",
       "1        SVC  0.9101731601731602  0.9245283018867925  0.9245283018867925   \n",
       "2         LR  0.8577922077922077  0.8655806867455761  0.8679245283018868   \n",
       "3        KNN  0.8577922077922079  0.8932380171100434  0.8867924528301887   \n",
       "\n",
       "                    3                   4                   5  \n",
       "0            F1 Score         Cohen Kappa                 AUC  \n",
       "1  0.9245283018867925  0.8767441860465116   0.987037037037037  \n",
       "2   0.863924235775925  0.7840512223515717  0.9735714285714286  \n",
       "3  0.8886851104915043   0.817451205510907  0.9635569985569985  "
      ]
     },
     "execution_count": 3,
     "metadata": {},
     "output_type": "execute_result"
    }
   ],
   "source": [
    "df4"
   ]
  },
  {
   "cell_type": "code",
   "execution_count": 4,
   "id": "24110537-6381-4188-bbf7-bf76a13c00ac",
   "metadata": {},
   "outputs": [
    {
     "data": {
      "text/html": [
       "<div>\n",
       "<style scoped>\n",
       "    .dataframe tbody tr th:only-of-type {\n",
       "        vertical-align: middle;\n",
       "    }\n",
       "\n",
       "    .dataframe tbody tr th {\n",
       "        vertical-align: top;\n",
       "    }\n",
       "\n",
       "    .dataframe thead th {\n",
       "        text-align: right;\n",
       "    }\n",
       "</style>\n",
       "<table border=\"1\" class=\"dataframe\">\n",
       "  <thead>\n",
       "    <tr style=\"text-align: right;\">\n",
       "      <th></th>\n",
       "      <th>Unnamed: 0</th>\n",
       "      <th>0</th>\n",
       "      <th>1</th>\n",
       "      <th>2</th>\n",
       "      <th>3</th>\n",
       "      <th>4</th>\n",
       "      <th>5</th>\n",
       "    </tr>\n",
       "  </thead>\n",
       "  <tbody>\n",
       "    <tr>\n",
       "      <th>1</th>\n",
       "      <td>SVC</td>\n",
       "      <td>0.9290043290043289</td>\n",
       "      <td>1.0</td>\n",
       "      <td>1.0</td>\n",
       "      <td>1.0</td>\n",
       "      <td>1.0</td>\n",
       "      <td>0.9953703703703703</td>\n",
       "    </tr>\n",
       "    <tr>\n",
       "      <th>2</th>\n",
       "      <td>LR</td>\n",
       "      <td>0.9004329004329005</td>\n",
       "      <td>0.9256220946130708</td>\n",
       "      <td>0.9245283018867925</td>\n",
       "      <td>0.920919486706486</td>\n",
       "      <td>0.8753674309229865</td>\n",
       "      <td>0.9842592592592593</td>\n",
       "    </tr>\n",
       "    <tr>\n",
       "      <th>3</th>\n",
       "      <td>KNN</td>\n",
       "      <td>0.9149350649350649</td>\n",
       "      <td>0.9153404429860541</td>\n",
       "      <td>0.9056603773584906</td>\n",
       "      <td>0.9082809224318658</td>\n",
       "      <td>0.8489167616875712</td>\n",
       "      <td>0.9858946608946608</td>\n",
       "    </tr>\n",
       "  </tbody>\n",
       "</table>\n",
       "</div>"
      ],
      "text/plain": [
       "  Unnamed: 0                   0                   1                   2  \\\n",
       "1        SVC  0.9290043290043289                 1.0                 1.0   \n",
       "2         LR  0.9004329004329005  0.9256220946130708  0.9245283018867925   \n",
       "3        KNN  0.9149350649350649  0.9153404429860541  0.9056603773584906   \n",
       "\n",
       "                    3                   4                   5  \n",
       "1                 1.0                 1.0  0.9953703703703703  \n",
       "2   0.920919486706486  0.8753674309229865  0.9842592592592593  \n",
       "3  0.9082809224318658  0.8489167616875712  0.9858946608946608  "
      ]
     },
     "execution_count": 4,
     "metadata": {},
     "output_type": "execute_result"
    }
   ],
   "source": [
    "df2 = df2.drop(0, axis=0)\n",
    "df3 = df3.drop(0, axis=0)\n",
    "df4 = df4.drop(0, axis=0)\n",
    "df2"
   ]
  },
  {
   "cell_type": "code",
   "execution_count": 5,
   "id": "18e576c3-2e93-4c37-b3bd-594bbd25fb88",
   "metadata": {},
   "outputs": [
    {
     "data": {
      "text/html": [
       "<div>\n",
       "<style scoped>\n",
       "    .dataframe tbody tr th:only-of-type {\n",
       "        vertical-align: middle;\n",
       "    }\n",
       "\n",
       "    .dataframe tbody tr th {\n",
       "        vertical-align: top;\n",
       "    }\n",
       "\n",
       "    .dataframe thead th {\n",
       "        text-align: right;\n",
       "    }\n",
       "</style>\n",
       "<table border=\"1\" class=\"dataframe\">\n",
       "  <thead>\n",
       "    <tr style=\"text-align: right;\">\n",
       "      <th></th>\n",
       "      <th>Unnamed: 0</th>\n",
       "      <th>0</th>\n",
       "      <th>1</th>\n",
       "      <th>2</th>\n",
       "      <th>3</th>\n",
       "      <th>4</th>\n",
       "      <th>5</th>\n",
       "    </tr>\n",
       "  </thead>\n",
       "  <tbody>\n",
       "    <tr>\n",
       "      <th>0</th>\n",
       "      <td>Metrics</td>\n",
       "      <td>Accuracy</td>\n",
       "      <td>Precision</td>\n",
       "      <td>Recall</td>\n",
       "      <td>F1 Score</td>\n",
       "      <td>Cohen Kappa</td>\n",
       "      <td>AUC</td>\n",
       "    </tr>\n",
       "    <tr>\n",
       "      <th>1</th>\n",
       "      <td>SVC</td>\n",
       "      <td>0.9428571428571428</td>\n",
       "      <td>0.963162623539982</td>\n",
       "      <td>0.9622641509433962</td>\n",
       "      <td>0.9623017177418597</td>\n",
       "      <td>0.9385507246376812</td>\n",
       "      <td>0.9962962962962963</td>\n",
       "    </tr>\n",
       "    <tr>\n",
       "      <th>2</th>\n",
       "      <td>LR</td>\n",
       "      <td>0.8861471861471862</td>\n",
       "      <td>0.9256220946130708</td>\n",
       "      <td>0.9245283018867925</td>\n",
       "      <td>0.920919486706486</td>\n",
       "      <td>0.8753674309229865</td>\n",
       "      <td>0.9796296296296297</td>\n",
       "    </tr>\n",
       "    <tr>\n",
       "      <th>3</th>\n",
       "      <td>KNN</td>\n",
       "      <td>0.9147186147186147</td>\n",
       "      <td>0.935062893081761</td>\n",
       "      <td>0.9245283018867925</td>\n",
       "      <td>0.9279016880095048</td>\n",
       "      <td>0.8787878787878788</td>\n",
       "      <td>0.9873809523809524</td>\n",
       "    </tr>\n",
       "    <tr>\n",
       "      <th>1</th>\n",
       "      <td>SVC</td>\n",
       "      <td>0.9290043290043289</td>\n",
       "      <td>1.0</td>\n",
       "      <td>1.0</td>\n",
       "      <td>1.0</td>\n",
       "      <td>1.0</td>\n",
       "      <td>0.9953703703703703</td>\n",
       "    </tr>\n",
       "    <tr>\n",
       "      <th>2</th>\n",
       "      <td>LR</td>\n",
       "      <td>0.9004329004329005</td>\n",
       "      <td>0.9256220946130708</td>\n",
       "      <td>0.9245283018867925</td>\n",
       "      <td>0.920919486706486</td>\n",
       "      <td>0.8753674309229865</td>\n",
       "      <td>0.9842592592592593</td>\n",
       "    </tr>\n",
       "    <tr>\n",
       "      <th>3</th>\n",
       "      <td>KNN</td>\n",
       "      <td>0.9149350649350649</td>\n",
       "      <td>0.9153404429860541</td>\n",
       "      <td>0.9056603773584906</td>\n",
       "      <td>0.9082809224318658</td>\n",
       "      <td>0.8489167616875712</td>\n",
       "      <td>0.9858946608946608</td>\n",
       "    </tr>\n",
       "    <tr>\n",
       "      <th>1</th>\n",
       "      <td>SVC</td>\n",
       "      <td>0.9294372294372295</td>\n",
       "      <td>1.0</td>\n",
       "      <td>1.0</td>\n",
       "      <td>1.0</td>\n",
       "      <td>1.0</td>\n",
       "      <td>1.0</td>\n",
       "    </tr>\n",
       "    <tr>\n",
       "      <th>2</th>\n",
       "      <td>LR</td>\n",
       "      <td>0.8625541125541124</td>\n",
       "      <td>0.8655806867455761</td>\n",
       "      <td>0.8679245283018868</td>\n",
       "      <td>0.863924235775925</td>\n",
       "      <td>0.7840512223515717</td>\n",
       "      <td>0.9702886002886003</td>\n",
       "    </tr>\n",
       "    <tr>\n",
       "      <th>3</th>\n",
       "      <td>KNN</td>\n",
       "      <td>0.8954545454545455</td>\n",
       "      <td>0.9353099730458221</td>\n",
       "      <td>0.8867924528301887</td>\n",
       "      <td>0.8979554187878527</td>\n",
       "      <td>0.8245033112582781</td>\n",
       "      <td>0.9768302068302068</td>\n",
       "    </tr>\n",
       "    <tr>\n",
       "      <th>1</th>\n",
       "      <td>SVC</td>\n",
       "      <td>0.9101731601731602</td>\n",
       "      <td>0.9245283018867925</td>\n",
       "      <td>0.9245283018867925</td>\n",
       "      <td>0.9245283018867925</td>\n",
       "      <td>0.8767441860465116</td>\n",
       "      <td>0.987037037037037</td>\n",
       "    </tr>\n",
       "    <tr>\n",
       "      <th>2</th>\n",
       "      <td>LR</td>\n",
       "      <td>0.8577922077922077</td>\n",
       "      <td>0.8655806867455761</td>\n",
       "      <td>0.8679245283018868</td>\n",
       "      <td>0.863924235775925</td>\n",
       "      <td>0.7840512223515717</td>\n",
       "      <td>0.9735714285714286</td>\n",
       "    </tr>\n",
       "    <tr>\n",
       "      <th>3</th>\n",
       "      <td>KNN</td>\n",
       "      <td>0.8577922077922079</td>\n",
       "      <td>0.8932380171100434</td>\n",
       "      <td>0.8867924528301887</td>\n",
       "      <td>0.8886851104915043</td>\n",
       "      <td>0.817451205510907</td>\n",
       "      <td>0.9635569985569985</td>\n",
       "    </tr>\n",
       "  </tbody>\n",
       "</table>\n",
       "</div>"
      ],
      "text/plain": [
       "  Unnamed: 0                   0                   1                   2  \\\n",
       "0    Metrics            Accuracy           Precision              Recall   \n",
       "1        SVC  0.9428571428571428   0.963162623539982  0.9622641509433962   \n",
       "2         LR  0.8861471861471862  0.9256220946130708  0.9245283018867925   \n",
       "3        KNN  0.9147186147186147   0.935062893081761  0.9245283018867925   \n",
       "1        SVC  0.9290043290043289                 1.0                 1.0   \n",
       "2         LR  0.9004329004329005  0.9256220946130708  0.9245283018867925   \n",
       "3        KNN  0.9149350649350649  0.9153404429860541  0.9056603773584906   \n",
       "1        SVC  0.9294372294372295                 1.0                 1.0   \n",
       "2         LR  0.8625541125541124  0.8655806867455761  0.8679245283018868   \n",
       "3        KNN  0.8954545454545455  0.9353099730458221  0.8867924528301887   \n",
       "1        SVC  0.9101731601731602  0.9245283018867925  0.9245283018867925   \n",
       "2         LR  0.8577922077922077  0.8655806867455761  0.8679245283018868   \n",
       "3        KNN  0.8577922077922079  0.8932380171100434  0.8867924528301887   \n",
       "\n",
       "                    3                   4                   5  \n",
       "0            F1 Score         Cohen Kappa                 AUC  \n",
       "1  0.9623017177418597  0.9385507246376812  0.9962962962962963  \n",
       "2   0.920919486706486  0.8753674309229865  0.9796296296296297  \n",
       "3  0.9279016880095048  0.8787878787878788  0.9873809523809524  \n",
       "1                 1.0                 1.0  0.9953703703703703  \n",
       "2   0.920919486706486  0.8753674309229865  0.9842592592592593  \n",
       "3  0.9082809224318658  0.8489167616875712  0.9858946608946608  \n",
       "1                 1.0                 1.0                 1.0  \n",
       "2   0.863924235775925  0.7840512223515717  0.9702886002886003  \n",
       "3  0.8979554187878527  0.8245033112582781  0.9768302068302068  \n",
       "1  0.9245283018867925  0.8767441860465116   0.987037037037037  \n",
       "2   0.863924235775925  0.7840512223515717  0.9735714285714286  \n",
       "3  0.8886851104915043   0.817451205510907  0.9635569985569985  "
      ]
     },
     "execution_count": 5,
     "metadata": {},
     "output_type": "execute_result"
    }
   ],
   "source": [
    "df = pd.concat([df1, df2, df3, df4])\n",
    "df"
   ]
  },
  {
   "cell_type": "code",
   "execution_count": 6,
   "id": "072fabbe-9403-4676-8047-37aa29f78fd6",
   "metadata": {},
   "outputs": [],
   "source": [
    "df = df.drop(0, axis=0)"
   ]
  },
  {
   "cell_type": "code",
   "execution_count": 7,
   "id": "35a1b3e6-1e61-4154-bad9-f3e521383935",
   "metadata": {},
   "outputs": [],
   "source": [
    "df.rename(columns={'Unnamed: 0': 'Model', '0': 'Accuracy', '1': 'Precision', '2': 'Recall', '3': 'F1 Score', '4': 'Cohen Kappa', '5': 'AUC'}, inplace=True)"
   ]
  },
  {
   "cell_type": "code",
   "execution_count": 8,
   "id": "90b855a1-f700-41af-af22-b960335932f0",
   "metadata": {},
   "outputs": [
    {
     "data": {
      "text/html": [
       "<div>\n",
       "<style scoped>\n",
       "    .dataframe tbody tr th:only-of-type {\n",
       "        vertical-align: middle;\n",
       "    }\n",
       "\n",
       "    .dataframe tbody tr th {\n",
       "        vertical-align: top;\n",
       "    }\n",
       "\n",
       "    .dataframe thead th {\n",
       "        text-align: right;\n",
       "    }\n",
       "</style>\n",
       "<table border=\"1\" class=\"dataframe\">\n",
       "  <thead>\n",
       "    <tr style=\"text-align: right;\">\n",
       "      <th></th>\n",
       "      <th>Model</th>\n",
       "      <th>Accuracy</th>\n",
       "      <th>Precision</th>\n",
       "      <th>Recall</th>\n",
       "      <th>F1 Score</th>\n",
       "      <th>Cohen Kappa</th>\n",
       "      <th>AUC</th>\n",
       "    </tr>\n",
       "  </thead>\n",
       "  <tbody>\n",
       "    <tr>\n",
       "      <th>1</th>\n",
       "      <td>SVC</td>\n",
       "      <td>0.9428571428571428</td>\n",
       "      <td>0.963162623539982</td>\n",
       "      <td>0.9622641509433962</td>\n",
       "      <td>0.9623017177418597</td>\n",
       "      <td>0.9385507246376812</td>\n",
       "      <td>0.9962962962962963</td>\n",
       "    </tr>\n",
       "    <tr>\n",
       "      <th>2</th>\n",
       "      <td>LR</td>\n",
       "      <td>0.8861471861471862</td>\n",
       "      <td>0.9256220946130708</td>\n",
       "      <td>0.9245283018867925</td>\n",
       "      <td>0.920919486706486</td>\n",
       "      <td>0.8753674309229865</td>\n",
       "      <td>0.9796296296296297</td>\n",
       "    </tr>\n",
       "    <tr>\n",
       "      <th>3</th>\n",
       "      <td>KNN</td>\n",
       "      <td>0.9147186147186147</td>\n",
       "      <td>0.935062893081761</td>\n",
       "      <td>0.9245283018867925</td>\n",
       "      <td>0.9279016880095048</td>\n",
       "      <td>0.8787878787878788</td>\n",
       "      <td>0.9873809523809524</td>\n",
       "    </tr>\n",
       "    <tr>\n",
       "      <th>1</th>\n",
       "      <td>SVC</td>\n",
       "      <td>0.9290043290043289</td>\n",
       "      <td>1.0</td>\n",
       "      <td>1.0</td>\n",
       "      <td>1.0</td>\n",
       "      <td>1.0</td>\n",
       "      <td>0.9953703703703703</td>\n",
       "    </tr>\n",
       "    <tr>\n",
       "      <th>2</th>\n",
       "      <td>LR</td>\n",
       "      <td>0.9004329004329005</td>\n",
       "      <td>0.9256220946130708</td>\n",
       "      <td>0.9245283018867925</td>\n",
       "      <td>0.920919486706486</td>\n",
       "      <td>0.8753674309229865</td>\n",
       "      <td>0.9842592592592593</td>\n",
       "    </tr>\n",
       "    <tr>\n",
       "      <th>3</th>\n",
       "      <td>KNN</td>\n",
       "      <td>0.9149350649350649</td>\n",
       "      <td>0.9153404429860541</td>\n",
       "      <td>0.9056603773584906</td>\n",
       "      <td>0.9082809224318658</td>\n",
       "      <td>0.8489167616875712</td>\n",
       "      <td>0.9858946608946608</td>\n",
       "    </tr>\n",
       "    <tr>\n",
       "      <th>1</th>\n",
       "      <td>SVC</td>\n",
       "      <td>0.9294372294372295</td>\n",
       "      <td>1.0</td>\n",
       "      <td>1.0</td>\n",
       "      <td>1.0</td>\n",
       "      <td>1.0</td>\n",
       "      <td>1.0</td>\n",
       "    </tr>\n",
       "    <tr>\n",
       "      <th>2</th>\n",
       "      <td>LR</td>\n",
       "      <td>0.8625541125541124</td>\n",
       "      <td>0.8655806867455761</td>\n",
       "      <td>0.8679245283018868</td>\n",
       "      <td>0.863924235775925</td>\n",
       "      <td>0.7840512223515717</td>\n",
       "      <td>0.9702886002886003</td>\n",
       "    </tr>\n",
       "    <tr>\n",
       "      <th>3</th>\n",
       "      <td>KNN</td>\n",
       "      <td>0.8954545454545455</td>\n",
       "      <td>0.9353099730458221</td>\n",
       "      <td>0.8867924528301887</td>\n",
       "      <td>0.8979554187878527</td>\n",
       "      <td>0.8245033112582781</td>\n",
       "      <td>0.9768302068302068</td>\n",
       "    </tr>\n",
       "    <tr>\n",
       "      <th>1</th>\n",
       "      <td>SVC</td>\n",
       "      <td>0.9101731601731602</td>\n",
       "      <td>0.9245283018867925</td>\n",
       "      <td>0.9245283018867925</td>\n",
       "      <td>0.9245283018867925</td>\n",
       "      <td>0.8767441860465116</td>\n",
       "      <td>0.987037037037037</td>\n",
       "    </tr>\n",
       "    <tr>\n",
       "      <th>2</th>\n",
       "      <td>LR</td>\n",
       "      <td>0.8577922077922077</td>\n",
       "      <td>0.8655806867455761</td>\n",
       "      <td>0.8679245283018868</td>\n",
       "      <td>0.863924235775925</td>\n",
       "      <td>0.7840512223515717</td>\n",
       "      <td>0.9735714285714286</td>\n",
       "    </tr>\n",
       "    <tr>\n",
       "      <th>3</th>\n",
       "      <td>KNN</td>\n",
       "      <td>0.8577922077922079</td>\n",
       "      <td>0.8932380171100434</td>\n",
       "      <td>0.8867924528301887</td>\n",
       "      <td>0.8886851104915043</td>\n",
       "      <td>0.817451205510907</td>\n",
       "      <td>0.9635569985569985</td>\n",
       "    </tr>\n",
       "  </tbody>\n",
       "</table>\n",
       "</div>"
      ],
      "text/plain": [
       "  Model            Accuracy           Precision              Recall  \\\n",
       "1   SVC  0.9428571428571428   0.963162623539982  0.9622641509433962   \n",
       "2    LR  0.8861471861471862  0.9256220946130708  0.9245283018867925   \n",
       "3   KNN  0.9147186147186147   0.935062893081761  0.9245283018867925   \n",
       "1   SVC  0.9290043290043289                 1.0                 1.0   \n",
       "2    LR  0.9004329004329005  0.9256220946130708  0.9245283018867925   \n",
       "3   KNN  0.9149350649350649  0.9153404429860541  0.9056603773584906   \n",
       "1   SVC  0.9294372294372295                 1.0                 1.0   \n",
       "2    LR  0.8625541125541124  0.8655806867455761  0.8679245283018868   \n",
       "3   KNN  0.8954545454545455  0.9353099730458221  0.8867924528301887   \n",
       "1   SVC  0.9101731601731602  0.9245283018867925  0.9245283018867925   \n",
       "2    LR  0.8577922077922077  0.8655806867455761  0.8679245283018868   \n",
       "3   KNN  0.8577922077922079  0.8932380171100434  0.8867924528301887   \n",
       "\n",
       "             F1 Score         Cohen Kappa                 AUC  \n",
       "1  0.9623017177418597  0.9385507246376812  0.9962962962962963  \n",
       "2   0.920919486706486  0.8753674309229865  0.9796296296296297  \n",
       "3  0.9279016880095048  0.8787878787878788  0.9873809523809524  \n",
       "1                 1.0                 1.0  0.9953703703703703  \n",
       "2   0.920919486706486  0.8753674309229865  0.9842592592592593  \n",
       "3  0.9082809224318658  0.8489167616875712  0.9858946608946608  \n",
       "1                 1.0                 1.0                 1.0  \n",
       "2   0.863924235775925  0.7840512223515717  0.9702886002886003  \n",
       "3  0.8979554187878527  0.8245033112582781  0.9768302068302068  \n",
       "1  0.9245283018867925  0.8767441860465116   0.987037037037037  \n",
       "2   0.863924235775925  0.7840512223515717  0.9735714285714286  \n",
       "3  0.8886851104915043   0.817451205510907  0.9635569985569985  "
      ]
     },
     "execution_count": 8,
     "metadata": {},
     "output_type": "execute_result"
    }
   ],
   "source": [
    "df"
   ]
  },
  {
   "cell_type": "code",
   "execution_count": 9,
   "id": "1e774346-9650-41cb-bacb-b8e4dc1f9499",
   "metadata": {},
   "outputs": [],
   "source": [
    "df = df.sort_values('Model')"
   ]
  },
  {
   "cell_type": "code",
   "execution_count": 10,
   "id": "b748ed33-684f-41fc-aefc-ffb8cfc3fe9f",
   "metadata": {},
   "outputs": [
    {
     "data": {
      "text/html": [
       "<div>\n",
       "<style scoped>\n",
       "    .dataframe tbody tr th:only-of-type {\n",
       "        vertical-align: middle;\n",
       "    }\n",
       "\n",
       "    .dataframe tbody tr th {\n",
       "        vertical-align: top;\n",
       "    }\n",
       "\n",
       "    .dataframe thead th {\n",
       "        text-align: right;\n",
       "    }\n",
       "</style>\n",
       "<table border=\"1\" class=\"dataframe\">\n",
       "  <thead>\n",
       "    <tr style=\"text-align: right;\">\n",
       "      <th></th>\n",
       "      <th>Model</th>\n",
       "      <th>Accuracy</th>\n",
       "      <th>Precision</th>\n",
       "      <th>Recall</th>\n",
       "      <th>F1 Score</th>\n",
       "      <th>Cohen Kappa</th>\n",
       "      <th>AUC</th>\n",
       "    </tr>\n",
       "  </thead>\n",
       "  <tbody>\n",
       "    <tr>\n",
       "      <th>3</th>\n",
       "      <td>KNN</td>\n",
       "      <td>0.9147186147186147</td>\n",
       "      <td>0.935062893081761</td>\n",
       "      <td>0.9245283018867925</td>\n",
       "      <td>0.9279016880095048</td>\n",
       "      <td>0.8787878787878788</td>\n",
       "      <td>0.9873809523809524</td>\n",
       "    </tr>\n",
       "    <tr>\n",
       "      <th>3</th>\n",
       "      <td>KNN</td>\n",
       "      <td>0.9149350649350649</td>\n",
       "      <td>0.9153404429860541</td>\n",
       "      <td>0.9056603773584906</td>\n",
       "      <td>0.9082809224318658</td>\n",
       "      <td>0.8489167616875712</td>\n",
       "      <td>0.9858946608946608</td>\n",
       "    </tr>\n",
       "    <tr>\n",
       "      <th>3</th>\n",
       "      <td>KNN</td>\n",
       "      <td>0.8954545454545455</td>\n",
       "      <td>0.9353099730458221</td>\n",
       "      <td>0.8867924528301887</td>\n",
       "      <td>0.8979554187878527</td>\n",
       "      <td>0.8245033112582781</td>\n",
       "      <td>0.9768302068302068</td>\n",
       "    </tr>\n",
       "    <tr>\n",
       "      <th>3</th>\n",
       "      <td>KNN</td>\n",
       "      <td>0.8577922077922079</td>\n",
       "      <td>0.8932380171100434</td>\n",
       "      <td>0.8867924528301887</td>\n",
       "      <td>0.8886851104915043</td>\n",
       "      <td>0.817451205510907</td>\n",
       "      <td>0.9635569985569985</td>\n",
       "    </tr>\n",
       "    <tr>\n",
       "      <th>2</th>\n",
       "      <td>LR</td>\n",
       "      <td>0.8861471861471862</td>\n",
       "      <td>0.9256220946130708</td>\n",
       "      <td>0.9245283018867925</td>\n",
       "      <td>0.920919486706486</td>\n",
       "      <td>0.8753674309229865</td>\n",
       "      <td>0.9796296296296297</td>\n",
       "    </tr>\n",
       "    <tr>\n",
       "      <th>2</th>\n",
       "      <td>LR</td>\n",
       "      <td>0.9004329004329005</td>\n",
       "      <td>0.9256220946130708</td>\n",
       "      <td>0.9245283018867925</td>\n",
       "      <td>0.920919486706486</td>\n",
       "      <td>0.8753674309229865</td>\n",
       "      <td>0.9842592592592593</td>\n",
       "    </tr>\n",
       "    <tr>\n",
       "      <th>2</th>\n",
       "      <td>LR</td>\n",
       "      <td>0.8625541125541124</td>\n",
       "      <td>0.8655806867455761</td>\n",
       "      <td>0.8679245283018868</td>\n",
       "      <td>0.863924235775925</td>\n",
       "      <td>0.7840512223515717</td>\n",
       "      <td>0.9702886002886003</td>\n",
       "    </tr>\n",
       "    <tr>\n",
       "      <th>2</th>\n",
       "      <td>LR</td>\n",
       "      <td>0.8577922077922077</td>\n",
       "      <td>0.8655806867455761</td>\n",
       "      <td>0.8679245283018868</td>\n",
       "      <td>0.863924235775925</td>\n",
       "      <td>0.7840512223515717</td>\n",
       "      <td>0.9735714285714286</td>\n",
       "    </tr>\n",
       "    <tr>\n",
       "      <th>1</th>\n",
       "      <td>SVC</td>\n",
       "      <td>0.9428571428571428</td>\n",
       "      <td>0.963162623539982</td>\n",
       "      <td>0.9622641509433962</td>\n",
       "      <td>0.9623017177418597</td>\n",
       "      <td>0.9385507246376812</td>\n",
       "      <td>0.9962962962962963</td>\n",
       "    </tr>\n",
       "    <tr>\n",
       "      <th>1</th>\n",
       "      <td>SVC</td>\n",
       "      <td>0.9290043290043289</td>\n",
       "      <td>1.0</td>\n",
       "      <td>1.0</td>\n",
       "      <td>1.0</td>\n",
       "      <td>1.0</td>\n",
       "      <td>0.9953703703703703</td>\n",
       "    </tr>\n",
       "    <tr>\n",
       "      <th>1</th>\n",
       "      <td>SVC</td>\n",
       "      <td>0.9294372294372295</td>\n",
       "      <td>1.0</td>\n",
       "      <td>1.0</td>\n",
       "      <td>1.0</td>\n",
       "      <td>1.0</td>\n",
       "      <td>1.0</td>\n",
       "    </tr>\n",
       "    <tr>\n",
       "      <th>1</th>\n",
       "      <td>SVC</td>\n",
       "      <td>0.9101731601731602</td>\n",
       "      <td>0.9245283018867925</td>\n",
       "      <td>0.9245283018867925</td>\n",
       "      <td>0.9245283018867925</td>\n",
       "      <td>0.8767441860465116</td>\n",
       "      <td>0.987037037037037</td>\n",
       "    </tr>\n",
       "  </tbody>\n",
       "</table>\n",
       "</div>"
      ],
      "text/plain": [
       "  Model            Accuracy           Precision              Recall  \\\n",
       "3   KNN  0.9147186147186147   0.935062893081761  0.9245283018867925   \n",
       "3   KNN  0.9149350649350649  0.9153404429860541  0.9056603773584906   \n",
       "3   KNN  0.8954545454545455  0.9353099730458221  0.8867924528301887   \n",
       "3   KNN  0.8577922077922079  0.8932380171100434  0.8867924528301887   \n",
       "2    LR  0.8861471861471862  0.9256220946130708  0.9245283018867925   \n",
       "2    LR  0.9004329004329005  0.9256220946130708  0.9245283018867925   \n",
       "2    LR  0.8625541125541124  0.8655806867455761  0.8679245283018868   \n",
       "2    LR  0.8577922077922077  0.8655806867455761  0.8679245283018868   \n",
       "1   SVC  0.9428571428571428   0.963162623539982  0.9622641509433962   \n",
       "1   SVC  0.9290043290043289                 1.0                 1.0   \n",
       "1   SVC  0.9294372294372295                 1.0                 1.0   \n",
       "1   SVC  0.9101731601731602  0.9245283018867925  0.9245283018867925   \n",
       "\n",
       "             F1 Score         Cohen Kappa                 AUC  \n",
       "3  0.9279016880095048  0.8787878787878788  0.9873809523809524  \n",
       "3  0.9082809224318658  0.8489167616875712  0.9858946608946608  \n",
       "3  0.8979554187878527  0.8245033112582781  0.9768302068302068  \n",
       "3  0.8886851104915043   0.817451205510907  0.9635569985569985  \n",
       "2   0.920919486706486  0.8753674309229865  0.9796296296296297  \n",
       "2   0.920919486706486  0.8753674309229865  0.9842592592592593  \n",
       "2   0.863924235775925  0.7840512223515717  0.9702886002886003  \n",
       "2   0.863924235775925  0.7840512223515717  0.9735714285714286  \n",
       "1  0.9623017177418597  0.9385507246376812  0.9962962962962963  \n",
       "1                 1.0                 1.0  0.9953703703703703  \n",
       "1                 1.0                 1.0                 1.0  \n",
       "1  0.9245283018867925  0.8767441860465116   0.987037037037037  "
      ]
     },
     "execution_count": 10,
     "metadata": {},
     "output_type": "execute_result"
    }
   ],
   "source": [
    "df"
   ]
  },
  {
   "cell_type": "code",
   "execution_count": 11,
   "id": "4863d2b9-0988-4f6d-acd0-5af4e47a4911",
   "metadata": {},
   "outputs": [],
   "source": [
    "df.to_csv('Combined accuracy/With Yeo Johnson 80-20 Applying Hyperparameter BFE.csv', index=False)"
   ]
  },
  {
   "cell_type": "code",
   "execution_count": null,
   "id": "2dd815a3-d2e1-4269-8c86-c20afbf53650",
   "metadata": {},
   "outputs": [],
   "source": []
  }
 ],
 "metadata": {
  "kernelspec": {
   "display_name": "Python 3 (ipykernel)",
   "language": "python",
   "name": "python3"
  },
  "language_info": {
   "codemirror_mode": {
    "name": "ipython",
    "version": 3
   },
   "file_extension": ".py",
   "mimetype": "text/x-python",
   "name": "python",
   "nbconvert_exporter": "python",
   "pygments_lexer": "ipython3",
   "version": "3.9.12"
  }
 },
 "nbformat": 4,
 "nbformat_minor": 5
}
