{
 "cells": [
  {
   "cell_type": "code",
   "execution_count": 1,
   "id": "42e8a043-34dc-43cf-b822-b36cf4b2d12a",
   "metadata": {},
   "outputs": [],
   "source": [
    "import pandas as pd"
   ]
  },
  {
   "cell_type": "code",
   "execution_count": 2,
   "id": "f3d0c1a4-9fed-4528-99d0-b103fe69bcb3",
   "metadata": {},
   "outputs": [],
   "source": [
    "df1 = pd.read_csv('With Yeo Johnson 80-20 Applying RF Top 4 features.csv')\n",
    "df2 = pd.read_csv('With Yeo Johnson 80-20 Applying RF Top 5 features.csv')\n",
    "df3 = pd.read_csv('With Yeo Johnson 80-20 Applying RF Top 7 features.csv')\n",
    "df4 = pd.read_csv('With Yeo Johnson 80-20 Applying RF Top 9 features.csv')"
   ]
  },
  {
   "cell_type": "code",
   "execution_count": 3,
   "id": "96dfaa5c-349a-4a1b-8b9a-fbab5c65ec5c",
   "metadata": {},
   "outputs": [
    {
     "data": {
      "text/html": [
       "<div>\n",
       "<style scoped>\n",
       "    .dataframe tbody tr th:only-of-type {\n",
       "        vertical-align: middle;\n",
       "    }\n",
       "\n",
       "    .dataframe tbody tr th {\n",
       "        vertical-align: top;\n",
       "    }\n",
       "\n",
       "    .dataframe thead th {\n",
       "        text-align: right;\n",
       "    }\n",
       "</style>\n",
       "<table border=\"1\" class=\"dataframe\">\n",
       "  <thead>\n",
       "    <tr style=\"text-align: right;\">\n",
       "      <th></th>\n",
       "      <th>Unnamed: 0</th>\n",
       "      <th>0</th>\n",
       "      <th>1</th>\n",
       "      <th>2</th>\n",
       "      <th>3</th>\n",
       "      <th>4</th>\n",
       "      <th>5</th>\n",
       "    </tr>\n",
       "  </thead>\n",
       "  <tbody>\n",
       "    <tr>\n",
       "      <th>0</th>\n",
       "      <td>Metrics</td>\n",
       "      <td>Accuracy</td>\n",
       "      <td>Precision</td>\n",
       "      <td>Recall</td>\n",
       "      <td>F1 Score</td>\n",
       "      <td>Cohen Kappa</td>\n",
       "      <td>AUC</td>\n",
       "    </tr>\n",
       "    <tr>\n",
       "      <th>1</th>\n",
       "      <td>SVC</td>\n",
       "      <td>0.9433962264150944</td>\n",
       "      <td>0.9433962264150944</td>\n",
       "      <td>0.9433962264150944</td>\n",
       "      <td>0.9433962264150944</td>\n",
       "      <td>0.9075581395348837</td>\n",
       "      <td>0.9803872053872054</td>\n",
       "    </tr>\n",
       "    <tr>\n",
       "      <th>2</th>\n",
       "      <td>LR</td>\n",
       "      <td>0.8867924528301887</td>\n",
       "      <td>0.8878032345013478</td>\n",
       "      <td>0.8867924528301887</td>\n",
       "      <td>0.8869051532255793</td>\n",
       "      <td>0.8156521739130435</td>\n",
       "      <td>0.9492448292448293</td>\n",
       "    </tr>\n",
       "    <tr>\n",
       "      <th>3</th>\n",
       "      <td>KNN</td>\n",
       "      <td>0.8113207547169812</td>\n",
       "      <td>0.8260509764978484</td>\n",
       "      <td>0.8113207547169812</td>\n",
       "      <td>0.8172480409677177</td>\n",
       "      <td>0.696969696969697</td>\n",
       "      <td>0.9543915343915345</td>\n",
       "    </tr>\n",
       "  </tbody>\n",
       "</table>\n",
       "</div>"
      ],
      "text/plain": [
       "  Unnamed: 0                   0                   1                   2  \\\n",
       "0    Metrics            Accuracy           Precision              Recall   \n",
       "1        SVC  0.9433962264150944  0.9433962264150944  0.9433962264150944   \n",
       "2         LR  0.8867924528301887  0.8878032345013478  0.8867924528301887   \n",
       "3        KNN  0.8113207547169812  0.8260509764978484  0.8113207547169812   \n",
       "\n",
       "                    3                   4                   5  \n",
       "0            F1 Score         Cohen Kappa                 AUC  \n",
       "1  0.9433962264150944  0.9075581395348837  0.9803872053872054  \n",
       "2  0.8869051532255793  0.8156521739130435  0.9492448292448293  \n",
       "3  0.8172480409677177   0.696969696969697  0.9543915343915345  "
      ]
     },
     "execution_count": 3,
     "metadata": {},
     "output_type": "execute_result"
    }
   ],
   "source": [
    "df4"
   ]
  },
  {
   "cell_type": "code",
   "execution_count": 4,
   "id": "24110537-6381-4188-bbf7-bf76a13c00ac",
   "metadata": {},
   "outputs": [
    {
     "data": {
      "text/html": [
       "<div>\n",
       "<style scoped>\n",
       "    .dataframe tbody tr th:only-of-type {\n",
       "        vertical-align: middle;\n",
       "    }\n",
       "\n",
       "    .dataframe tbody tr th {\n",
       "        vertical-align: top;\n",
       "    }\n",
       "\n",
       "    .dataframe thead th {\n",
       "        text-align: right;\n",
       "    }\n",
       "</style>\n",
       "<table border=\"1\" class=\"dataframe\">\n",
       "  <thead>\n",
       "    <tr style=\"text-align: right;\">\n",
       "      <th></th>\n",
       "      <th>Unnamed: 0</th>\n",
       "      <th>0</th>\n",
       "      <th>1</th>\n",
       "      <th>2</th>\n",
       "      <th>3</th>\n",
       "      <th>4</th>\n",
       "      <th>5</th>\n",
       "    </tr>\n",
       "  </thead>\n",
       "  <tbody>\n",
       "    <tr>\n",
       "      <th>1</th>\n",
       "      <td>SVC</td>\n",
       "      <td>0.9056603773584906</td>\n",
       "      <td>0.9152019198940748</td>\n",
       "      <td>0.9056603773584906</td>\n",
       "      <td>0.9085499705445798</td>\n",
       "      <td>0.8484848484848485</td>\n",
       "      <td>0.9812578162578163</td>\n",
       "    </tr>\n",
       "    <tr>\n",
       "      <th>2</th>\n",
       "      <td>LR</td>\n",
       "      <td>0.9056603773584906</td>\n",
       "      <td>0.9137466307277629</td>\n",
       "      <td>0.9056603773584906</td>\n",
       "      <td>0.9083391985418189</td>\n",
       "      <td>0.8478760045924225</td>\n",
       "      <td>0.9515728715728716</td>\n",
       "    </tr>\n",
       "    <tr>\n",
       "      <th>3</th>\n",
       "      <td>KNN</td>\n",
       "      <td>0.8867924528301887</td>\n",
       "      <td>0.904741905475898</td>\n",
       "      <td>0.8867924528301887</td>\n",
       "      <td>0.8919423013266111</td>\n",
       "      <td>0.8199320498301246</td>\n",
       "      <td>0.9531613756613756</td>\n",
       "    </tr>\n",
       "  </tbody>\n",
       "</table>\n",
       "</div>"
      ],
      "text/plain": [
       "  Unnamed: 0                   0                   1                   2  \\\n",
       "1        SVC  0.9056603773584906  0.9152019198940748  0.9056603773584906   \n",
       "2         LR  0.9056603773584906  0.9137466307277629  0.9056603773584906   \n",
       "3        KNN  0.8867924528301887   0.904741905475898  0.8867924528301887   \n",
       "\n",
       "                    3                   4                   5  \n",
       "1  0.9085499705445798  0.8484848484848485  0.9812578162578163  \n",
       "2  0.9083391985418189  0.8478760045924225  0.9515728715728716  \n",
       "3  0.8919423013266111  0.8199320498301246  0.9531613756613756  "
      ]
     },
     "execution_count": 4,
     "metadata": {},
     "output_type": "execute_result"
    }
   ],
   "source": [
    "df2 = df2.drop(0, axis=0)\n",
    "df3 = df3.drop(0, axis=0)\n",
    "df4 = df4.drop(0, axis=0)\n",
    "df2"
   ]
  },
  {
   "cell_type": "code",
   "execution_count": 5,
   "id": "18e576c3-2e93-4c37-b3bd-594bbd25fb88",
   "metadata": {},
   "outputs": [
    {
     "data": {
      "text/html": [
       "<div>\n",
       "<style scoped>\n",
       "    .dataframe tbody tr th:only-of-type {\n",
       "        vertical-align: middle;\n",
       "    }\n",
       "\n",
       "    .dataframe tbody tr th {\n",
       "        vertical-align: top;\n",
       "    }\n",
       "\n",
       "    .dataframe thead th {\n",
       "        text-align: right;\n",
       "    }\n",
       "</style>\n",
       "<table border=\"1\" class=\"dataframe\">\n",
       "  <thead>\n",
       "    <tr style=\"text-align: right;\">\n",
       "      <th></th>\n",
       "      <th>Unnamed: 0</th>\n",
       "      <th>0</th>\n",
       "      <th>1</th>\n",
       "      <th>2</th>\n",
       "      <th>3</th>\n",
       "      <th>4</th>\n",
       "      <th>5</th>\n",
       "    </tr>\n",
       "  </thead>\n",
       "  <tbody>\n",
       "    <tr>\n",
       "      <th>0</th>\n",
       "      <td>Metrics</td>\n",
       "      <td>Accuracy</td>\n",
       "      <td>Precision</td>\n",
       "      <td>Recall</td>\n",
       "      <td>F1 Score</td>\n",
       "      <td>Cohen Kappa</td>\n",
       "      <td>AUC</td>\n",
       "    </tr>\n",
       "    <tr>\n",
       "      <th>1</th>\n",
       "      <td>SVC</td>\n",
       "      <td>0.9245283018867925</td>\n",
       "      <td>0.9279588336192109</td>\n",
       "      <td>0.9245283018867925</td>\n",
       "      <td>0.9246406109613656</td>\n",
       "      <td>0.877456647398844</td>\n",
       "      <td>0.9845406445406445</td>\n",
       "    </tr>\n",
       "    <tr>\n",
       "      <th>2</th>\n",
       "      <td>LR</td>\n",
       "      <td>0.9245283018867925</td>\n",
       "      <td>0.9263252470799641</td>\n",
       "      <td>0.9245283018867925</td>\n",
       "      <td>0.925026061966434</td>\n",
       "      <td>0.8771014492753624</td>\n",
       "      <td>0.9502525252525252</td>\n",
       "    </tr>\n",
       "    <tr>\n",
       "      <th>3</th>\n",
       "      <td>KNN</td>\n",
       "      <td>0.9245283018867925</td>\n",
       "      <td>0.9236350835159177</td>\n",
       "      <td>0.9245283018867925</td>\n",
       "      <td>0.9226415094339623</td>\n",
       "      <td>0.8751472320376914</td>\n",
       "      <td>0.9654641654641655</td>\n",
       "    </tr>\n",
       "    <tr>\n",
       "      <th>1</th>\n",
       "      <td>SVC</td>\n",
       "      <td>0.9056603773584906</td>\n",
       "      <td>0.9152019198940748</td>\n",
       "      <td>0.9056603773584906</td>\n",
       "      <td>0.9085499705445798</td>\n",
       "      <td>0.8484848484848485</td>\n",
       "      <td>0.9812578162578163</td>\n",
       "    </tr>\n",
       "    <tr>\n",
       "      <th>2</th>\n",
       "      <td>LR</td>\n",
       "      <td>0.9056603773584906</td>\n",
       "      <td>0.9137466307277629</td>\n",
       "      <td>0.9056603773584906</td>\n",
       "      <td>0.9083391985418189</td>\n",
       "      <td>0.8478760045924225</td>\n",
       "      <td>0.9515728715728716</td>\n",
       "    </tr>\n",
       "    <tr>\n",
       "      <th>3</th>\n",
       "      <td>KNN</td>\n",
       "      <td>0.8867924528301887</td>\n",
       "      <td>0.904741905475898</td>\n",
       "      <td>0.8867924528301887</td>\n",
       "      <td>0.8919423013266111</td>\n",
       "      <td>0.8199320498301246</td>\n",
       "      <td>0.9531613756613756</td>\n",
       "    </tr>\n",
       "    <tr>\n",
       "      <th>1</th>\n",
       "      <td>SVC</td>\n",
       "      <td>0.8490566037735849</td>\n",
       "      <td>0.8722126929674099</td>\n",
       "      <td>0.8490566037735849</td>\n",
       "      <td>0.8564727756766465</td>\n",
       "      <td>0.7605872388481084</td>\n",
       "      <td>0.9673424723424725</td>\n",
       "    </tr>\n",
       "    <tr>\n",
       "      <th>2</th>\n",
       "      <td>LR</td>\n",
       "      <td>0.9056603773584906</td>\n",
       "      <td>0.9020664869721473</td>\n",
       "      <td>0.9056603773584906</td>\n",
       "      <td>0.9032060131922074</td>\n",
       "      <td>0.844847775175644</td>\n",
       "      <td>0.9431289081289081</td>\n",
       "    </tr>\n",
       "    <tr>\n",
       "      <th>3</th>\n",
       "      <td>KNN</td>\n",
       "      <td>0.8490566037735849</td>\n",
       "      <td>0.8431771252029445</td>\n",
       "      <td>0.8490566037735849</td>\n",
       "      <td>0.844895984518626</td>\n",
       "      <td>0.7502944640753828</td>\n",
       "      <td>0.962492784992785</td>\n",
       "    </tr>\n",
       "    <tr>\n",
       "      <th>1</th>\n",
       "      <td>SVC</td>\n",
       "      <td>0.9433962264150944</td>\n",
       "      <td>0.9433962264150944</td>\n",
       "      <td>0.9433962264150944</td>\n",
       "      <td>0.9433962264150944</td>\n",
       "      <td>0.9075581395348837</td>\n",
       "      <td>0.9803872053872054</td>\n",
       "    </tr>\n",
       "    <tr>\n",
       "      <th>2</th>\n",
       "      <td>LR</td>\n",
       "      <td>0.8867924528301887</td>\n",
       "      <td>0.8878032345013478</td>\n",
       "      <td>0.8867924528301887</td>\n",
       "      <td>0.8869051532255793</td>\n",
       "      <td>0.8156521739130435</td>\n",
       "      <td>0.9492448292448293</td>\n",
       "    </tr>\n",
       "    <tr>\n",
       "      <th>3</th>\n",
       "      <td>KNN</td>\n",
       "      <td>0.8113207547169812</td>\n",
       "      <td>0.8260509764978484</td>\n",
       "      <td>0.8113207547169812</td>\n",
       "      <td>0.8172480409677177</td>\n",
       "      <td>0.696969696969697</td>\n",
       "      <td>0.9543915343915345</td>\n",
       "    </tr>\n",
       "  </tbody>\n",
       "</table>\n",
       "</div>"
      ],
      "text/plain": [
       "  Unnamed: 0                   0                   1                   2  \\\n",
       "0    Metrics            Accuracy           Precision              Recall   \n",
       "1        SVC  0.9245283018867925  0.9279588336192109  0.9245283018867925   \n",
       "2         LR  0.9245283018867925  0.9263252470799641  0.9245283018867925   \n",
       "3        KNN  0.9245283018867925  0.9236350835159177  0.9245283018867925   \n",
       "1        SVC  0.9056603773584906  0.9152019198940748  0.9056603773584906   \n",
       "2         LR  0.9056603773584906  0.9137466307277629  0.9056603773584906   \n",
       "3        KNN  0.8867924528301887   0.904741905475898  0.8867924528301887   \n",
       "1        SVC  0.8490566037735849  0.8722126929674099  0.8490566037735849   \n",
       "2         LR  0.9056603773584906  0.9020664869721473  0.9056603773584906   \n",
       "3        KNN  0.8490566037735849  0.8431771252029445  0.8490566037735849   \n",
       "1        SVC  0.9433962264150944  0.9433962264150944  0.9433962264150944   \n",
       "2         LR  0.8867924528301887  0.8878032345013478  0.8867924528301887   \n",
       "3        KNN  0.8113207547169812  0.8260509764978484  0.8113207547169812   \n",
       "\n",
       "                    3                   4                   5  \n",
       "0            F1 Score         Cohen Kappa                 AUC  \n",
       "1  0.9246406109613656   0.877456647398844  0.9845406445406445  \n",
       "2   0.925026061966434  0.8771014492753624  0.9502525252525252  \n",
       "3  0.9226415094339623  0.8751472320376914  0.9654641654641655  \n",
       "1  0.9085499705445798  0.8484848484848485  0.9812578162578163  \n",
       "2  0.9083391985418189  0.8478760045924225  0.9515728715728716  \n",
       "3  0.8919423013266111  0.8199320498301246  0.9531613756613756  \n",
       "1  0.8564727756766465  0.7605872388481084  0.9673424723424725  \n",
       "2  0.9032060131922074   0.844847775175644  0.9431289081289081  \n",
       "3   0.844895984518626  0.7502944640753828   0.962492784992785  \n",
       "1  0.9433962264150944  0.9075581395348837  0.9803872053872054  \n",
       "2  0.8869051532255793  0.8156521739130435  0.9492448292448293  \n",
       "3  0.8172480409677177   0.696969696969697  0.9543915343915345  "
      ]
     },
     "execution_count": 5,
     "metadata": {},
     "output_type": "execute_result"
    }
   ],
   "source": [
    "df = pd.concat([df1, df2, df3, df4])\n",
    "df"
   ]
  },
  {
   "cell_type": "code",
   "execution_count": 6,
   "id": "072fabbe-9403-4676-8047-37aa29f78fd6",
   "metadata": {},
   "outputs": [],
   "source": [
    "df = df.drop(0, axis=0)"
   ]
  },
  {
   "cell_type": "code",
   "execution_count": 7,
   "id": "35a1b3e6-1e61-4154-bad9-f3e521383935",
   "metadata": {},
   "outputs": [],
   "source": [
    "df.rename(columns={'Unnamed: 0': 'Model', '0': 'Accuracy', '1': 'Precision', '2': 'Recall', '3': 'F1 Score', '4': 'Cohen Kappa', '5': 'AUC'}, inplace=True)"
   ]
  },
  {
   "cell_type": "code",
   "execution_count": 8,
   "id": "90b855a1-f700-41af-af22-b960335932f0",
   "metadata": {},
   "outputs": [
    {
     "data": {
      "text/html": [
       "<div>\n",
       "<style scoped>\n",
       "    .dataframe tbody tr th:only-of-type {\n",
       "        vertical-align: middle;\n",
       "    }\n",
       "\n",
       "    .dataframe tbody tr th {\n",
       "        vertical-align: top;\n",
       "    }\n",
       "\n",
       "    .dataframe thead th {\n",
       "        text-align: right;\n",
       "    }\n",
       "</style>\n",
       "<table border=\"1\" class=\"dataframe\">\n",
       "  <thead>\n",
       "    <tr style=\"text-align: right;\">\n",
       "      <th></th>\n",
       "      <th>Model</th>\n",
       "      <th>Accuracy</th>\n",
       "      <th>Precision</th>\n",
       "      <th>Recall</th>\n",
       "      <th>F1 Score</th>\n",
       "      <th>Cohen Kappa</th>\n",
       "      <th>AUC</th>\n",
       "    </tr>\n",
       "  </thead>\n",
       "  <tbody>\n",
       "    <tr>\n",
       "      <th>1</th>\n",
       "      <td>SVC</td>\n",
       "      <td>0.9245283018867925</td>\n",
       "      <td>0.9279588336192109</td>\n",
       "      <td>0.9245283018867925</td>\n",
       "      <td>0.9246406109613656</td>\n",
       "      <td>0.877456647398844</td>\n",
       "      <td>0.9845406445406445</td>\n",
       "    </tr>\n",
       "    <tr>\n",
       "      <th>2</th>\n",
       "      <td>LR</td>\n",
       "      <td>0.9245283018867925</td>\n",
       "      <td>0.9263252470799641</td>\n",
       "      <td>0.9245283018867925</td>\n",
       "      <td>0.925026061966434</td>\n",
       "      <td>0.8771014492753624</td>\n",
       "      <td>0.9502525252525252</td>\n",
       "    </tr>\n",
       "    <tr>\n",
       "      <th>3</th>\n",
       "      <td>KNN</td>\n",
       "      <td>0.9245283018867925</td>\n",
       "      <td>0.9236350835159177</td>\n",
       "      <td>0.9245283018867925</td>\n",
       "      <td>0.9226415094339623</td>\n",
       "      <td>0.8751472320376914</td>\n",
       "      <td>0.9654641654641655</td>\n",
       "    </tr>\n",
       "    <tr>\n",
       "      <th>1</th>\n",
       "      <td>SVC</td>\n",
       "      <td>0.9056603773584906</td>\n",
       "      <td>0.9152019198940748</td>\n",
       "      <td>0.9056603773584906</td>\n",
       "      <td>0.9085499705445798</td>\n",
       "      <td>0.8484848484848485</td>\n",
       "      <td>0.9812578162578163</td>\n",
       "    </tr>\n",
       "    <tr>\n",
       "      <th>2</th>\n",
       "      <td>LR</td>\n",
       "      <td>0.9056603773584906</td>\n",
       "      <td>0.9137466307277629</td>\n",
       "      <td>0.9056603773584906</td>\n",
       "      <td>0.9083391985418189</td>\n",
       "      <td>0.8478760045924225</td>\n",
       "      <td>0.9515728715728716</td>\n",
       "    </tr>\n",
       "    <tr>\n",
       "      <th>3</th>\n",
       "      <td>KNN</td>\n",
       "      <td>0.8867924528301887</td>\n",
       "      <td>0.904741905475898</td>\n",
       "      <td>0.8867924528301887</td>\n",
       "      <td>0.8919423013266111</td>\n",
       "      <td>0.8199320498301246</td>\n",
       "      <td>0.9531613756613756</td>\n",
       "    </tr>\n",
       "    <tr>\n",
       "      <th>1</th>\n",
       "      <td>SVC</td>\n",
       "      <td>0.8490566037735849</td>\n",
       "      <td>0.8722126929674099</td>\n",
       "      <td>0.8490566037735849</td>\n",
       "      <td>0.8564727756766465</td>\n",
       "      <td>0.7605872388481084</td>\n",
       "      <td>0.9673424723424725</td>\n",
       "    </tr>\n",
       "    <tr>\n",
       "      <th>2</th>\n",
       "      <td>LR</td>\n",
       "      <td>0.9056603773584906</td>\n",
       "      <td>0.9020664869721473</td>\n",
       "      <td>0.9056603773584906</td>\n",
       "      <td>0.9032060131922074</td>\n",
       "      <td>0.844847775175644</td>\n",
       "      <td>0.9431289081289081</td>\n",
       "    </tr>\n",
       "    <tr>\n",
       "      <th>3</th>\n",
       "      <td>KNN</td>\n",
       "      <td>0.8490566037735849</td>\n",
       "      <td>0.8431771252029445</td>\n",
       "      <td>0.8490566037735849</td>\n",
       "      <td>0.844895984518626</td>\n",
       "      <td>0.7502944640753828</td>\n",
       "      <td>0.962492784992785</td>\n",
       "    </tr>\n",
       "    <tr>\n",
       "      <th>1</th>\n",
       "      <td>SVC</td>\n",
       "      <td>0.9433962264150944</td>\n",
       "      <td>0.9433962264150944</td>\n",
       "      <td>0.9433962264150944</td>\n",
       "      <td>0.9433962264150944</td>\n",
       "      <td>0.9075581395348837</td>\n",
       "      <td>0.9803872053872054</td>\n",
       "    </tr>\n",
       "    <tr>\n",
       "      <th>2</th>\n",
       "      <td>LR</td>\n",
       "      <td>0.8867924528301887</td>\n",
       "      <td>0.8878032345013478</td>\n",
       "      <td>0.8867924528301887</td>\n",
       "      <td>0.8869051532255793</td>\n",
       "      <td>0.8156521739130435</td>\n",
       "      <td>0.9492448292448293</td>\n",
       "    </tr>\n",
       "    <tr>\n",
       "      <th>3</th>\n",
       "      <td>KNN</td>\n",
       "      <td>0.8113207547169812</td>\n",
       "      <td>0.8260509764978484</td>\n",
       "      <td>0.8113207547169812</td>\n",
       "      <td>0.8172480409677177</td>\n",
       "      <td>0.696969696969697</td>\n",
       "      <td>0.9543915343915345</td>\n",
       "    </tr>\n",
       "  </tbody>\n",
       "</table>\n",
       "</div>"
      ],
      "text/plain": [
       "  Model            Accuracy           Precision              Recall  \\\n",
       "1   SVC  0.9245283018867925  0.9279588336192109  0.9245283018867925   \n",
       "2    LR  0.9245283018867925  0.9263252470799641  0.9245283018867925   \n",
       "3   KNN  0.9245283018867925  0.9236350835159177  0.9245283018867925   \n",
       "1   SVC  0.9056603773584906  0.9152019198940748  0.9056603773584906   \n",
       "2    LR  0.9056603773584906  0.9137466307277629  0.9056603773584906   \n",
       "3   KNN  0.8867924528301887   0.904741905475898  0.8867924528301887   \n",
       "1   SVC  0.8490566037735849  0.8722126929674099  0.8490566037735849   \n",
       "2    LR  0.9056603773584906  0.9020664869721473  0.9056603773584906   \n",
       "3   KNN  0.8490566037735849  0.8431771252029445  0.8490566037735849   \n",
       "1   SVC  0.9433962264150944  0.9433962264150944  0.9433962264150944   \n",
       "2    LR  0.8867924528301887  0.8878032345013478  0.8867924528301887   \n",
       "3   KNN  0.8113207547169812  0.8260509764978484  0.8113207547169812   \n",
       "\n",
       "             F1 Score         Cohen Kappa                 AUC  \n",
       "1  0.9246406109613656   0.877456647398844  0.9845406445406445  \n",
       "2   0.925026061966434  0.8771014492753624  0.9502525252525252  \n",
       "3  0.9226415094339623  0.8751472320376914  0.9654641654641655  \n",
       "1  0.9085499705445798  0.8484848484848485  0.9812578162578163  \n",
       "2  0.9083391985418189  0.8478760045924225  0.9515728715728716  \n",
       "3  0.8919423013266111  0.8199320498301246  0.9531613756613756  \n",
       "1  0.8564727756766465  0.7605872388481084  0.9673424723424725  \n",
       "2  0.9032060131922074   0.844847775175644  0.9431289081289081  \n",
       "3   0.844895984518626  0.7502944640753828   0.962492784992785  \n",
       "1  0.9433962264150944  0.9075581395348837  0.9803872053872054  \n",
       "2  0.8869051532255793  0.8156521739130435  0.9492448292448293  \n",
       "3  0.8172480409677177   0.696969696969697  0.9543915343915345  "
      ]
     },
     "execution_count": 8,
     "metadata": {},
     "output_type": "execute_result"
    }
   ],
   "source": [
    "df"
   ]
  },
  {
   "cell_type": "code",
   "execution_count": 9,
   "id": "1e774346-9650-41cb-bacb-b8e4dc1f9499",
   "metadata": {},
   "outputs": [],
   "source": [
    "df = df.sort_values('Model')"
   ]
  },
  {
   "cell_type": "code",
   "execution_count": 10,
   "id": "b748ed33-684f-41fc-aefc-ffb8cfc3fe9f",
   "metadata": {},
   "outputs": [
    {
     "data": {
      "text/html": [
       "<div>\n",
       "<style scoped>\n",
       "    .dataframe tbody tr th:only-of-type {\n",
       "        vertical-align: middle;\n",
       "    }\n",
       "\n",
       "    .dataframe tbody tr th {\n",
       "        vertical-align: top;\n",
       "    }\n",
       "\n",
       "    .dataframe thead th {\n",
       "        text-align: right;\n",
       "    }\n",
       "</style>\n",
       "<table border=\"1\" class=\"dataframe\">\n",
       "  <thead>\n",
       "    <tr style=\"text-align: right;\">\n",
       "      <th></th>\n",
       "      <th>Model</th>\n",
       "      <th>Accuracy</th>\n",
       "      <th>Precision</th>\n",
       "      <th>Recall</th>\n",
       "      <th>F1 Score</th>\n",
       "      <th>Cohen Kappa</th>\n",
       "      <th>AUC</th>\n",
       "    </tr>\n",
       "  </thead>\n",
       "  <tbody>\n",
       "    <tr>\n",
       "      <th>3</th>\n",
       "      <td>KNN</td>\n",
       "      <td>0.9245283018867925</td>\n",
       "      <td>0.9236350835159177</td>\n",
       "      <td>0.9245283018867925</td>\n",
       "      <td>0.9226415094339623</td>\n",
       "      <td>0.8751472320376914</td>\n",
       "      <td>0.9654641654641655</td>\n",
       "    </tr>\n",
       "    <tr>\n",
       "      <th>3</th>\n",
       "      <td>KNN</td>\n",
       "      <td>0.8867924528301887</td>\n",
       "      <td>0.904741905475898</td>\n",
       "      <td>0.8867924528301887</td>\n",
       "      <td>0.8919423013266111</td>\n",
       "      <td>0.8199320498301246</td>\n",
       "      <td>0.9531613756613756</td>\n",
       "    </tr>\n",
       "    <tr>\n",
       "      <th>3</th>\n",
       "      <td>KNN</td>\n",
       "      <td>0.8490566037735849</td>\n",
       "      <td>0.8431771252029445</td>\n",
       "      <td>0.8490566037735849</td>\n",
       "      <td>0.844895984518626</td>\n",
       "      <td>0.7502944640753828</td>\n",
       "      <td>0.962492784992785</td>\n",
       "    </tr>\n",
       "    <tr>\n",
       "      <th>3</th>\n",
       "      <td>KNN</td>\n",
       "      <td>0.8113207547169812</td>\n",
       "      <td>0.8260509764978484</td>\n",
       "      <td>0.8113207547169812</td>\n",
       "      <td>0.8172480409677177</td>\n",
       "      <td>0.696969696969697</td>\n",
       "      <td>0.9543915343915345</td>\n",
       "    </tr>\n",
       "    <tr>\n",
       "      <th>2</th>\n",
       "      <td>LR</td>\n",
       "      <td>0.9245283018867925</td>\n",
       "      <td>0.9263252470799641</td>\n",
       "      <td>0.9245283018867925</td>\n",
       "      <td>0.925026061966434</td>\n",
       "      <td>0.8771014492753624</td>\n",
       "      <td>0.9502525252525252</td>\n",
       "    </tr>\n",
       "    <tr>\n",
       "      <th>2</th>\n",
       "      <td>LR</td>\n",
       "      <td>0.9056603773584906</td>\n",
       "      <td>0.9137466307277629</td>\n",
       "      <td>0.9056603773584906</td>\n",
       "      <td>0.9083391985418189</td>\n",
       "      <td>0.8478760045924225</td>\n",
       "      <td>0.9515728715728716</td>\n",
       "    </tr>\n",
       "    <tr>\n",
       "      <th>2</th>\n",
       "      <td>LR</td>\n",
       "      <td>0.9056603773584906</td>\n",
       "      <td>0.9020664869721473</td>\n",
       "      <td>0.9056603773584906</td>\n",
       "      <td>0.9032060131922074</td>\n",
       "      <td>0.844847775175644</td>\n",
       "      <td>0.9431289081289081</td>\n",
       "    </tr>\n",
       "    <tr>\n",
       "      <th>2</th>\n",
       "      <td>LR</td>\n",
       "      <td>0.8867924528301887</td>\n",
       "      <td>0.8878032345013478</td>\n",
       "      <td>0.8867924528301887</td>\n",
       "      <td>0.8869051532255793</td>\n",
       "      <td>0.8156521739130435</td>\n",
       "      <td>0.9492448292448293</td>\n",
       "    </tr>\n",
       "    <tr>\n",
       "      <th>1</th>\n",
       "      <td>SVC</td>\n",
       "      <td>0.9245283018867925</td>\n",
       "      <td>0.9279588336192109</td>\n",
       "      <td>0.9245283018867925</td>\n",
       "      <td>0.9246406109613656</td>\n",
       "      <td>0.877456647398844</td>\n",
       "      <td>0.9845406445406445</td>\n",
       "    </tr>\n",
       "    <tr>\n",
       "      <th>1</th>\n",
       "      <td>SVC</td>\n",
       "      <td>0.9056603773584906</td>\n",
       "      <td>0.9152019198940748</td>\n",
       "      <td>0.9056603773584906</td>\n",
       "      <td>0.9085499705445798</td>\n",
       "      <td>0.8484848484848485</td>\n",
       "      <td>0.9812578162578163</td>\n",
       "    </tr>\n",
       "    <tr>\n",
       "      <th>1</th>\n",
       "      <td>SVC</td>\n",
       "      <td>0.8490566037735849</td>\n",
       "      <td>0.8722126929674099</td>\n",
       "      <td>0.8490566037735849</td>\n",
       "      <td>0.8564727756766465</td>\n",
       "      <td>0.7605872388481084</td>\n",
       "      <td>0.9673424723424725</td>\n",
       "    </tr>\n",
       "    <tr>\n",
       "      <th>1</th>\n",
       "      <td>SVC</td>\n",
       "      <td>0.9433962264150944</td>\n",
       "      <td>0.9433962264150944</td>\n",
       "      <td>0.9433962264150944</td>\n",
       "      <td>0.9433962264150944</td>\n",
       "      <td>0.9075581395348837</td>\n",
       "      <td>0.9803872053872054</td>\n",
       "    </tr>\n",
       "  </tbody>\n",
       "</table>\n",
       "</div>"
      ],
      "text/plain": [
       "  Model            Accuracy           Precision              Recall  \\\n",
       "3   KNN  0.9245283018867925  0.9236350835159177  0.9245283018867925   \n",
       "3   KNN  0.8867924528301887   0.904741905475898  0.8867924528301887   \n",
       "3   KNN  0.8490566037735849  0.8431771252029445  0.8490566037735849   \n",
       "3   KNN  0.8113207547169812  0.8260509764978484  0.8113207547169812   \n",
       "2    LR  0.9245283018867925  0.9263252470799641  0.9245283018867925   \n",
       "2    LR  0.9056603773584906  0.9137466307277629  0.9056603773584906   \n",
       "2    LR  0.9056603773584906  0.9020664869721473  0.9056603773584906   \n",
       "2    LR  0.8867924528301887  0.8878032345013478  0.8867924528301887   \n",
       "1   SVC  0.9245283018867925  0.9279588336192109  0.9245283018867925   \n",
       "1   SVC  0.9056603773584906  0.9152019198940748  0.9056603773584906   \n",
       "1   SVC  0.8490566037735849  0.8722126929674099  0.8490566037735849   \n",
       "1   SVC  0.9433962264150944  0.9433962264150944  0.9433962264150944   \n",
       "\n",
       "             F1 Score         Cohen Kappa                 AUC  \n",
       "3  0.9226415094339623  0.8751472320376914  0.9654641654641655  \n",
       "3  0.8919423013266111  0.8199320498301246  0.9531613756613756  \n",
       "3   0.844895984518626  0.7502944640753828   0.962492784992785  \n",
       "3  0.8172480409677177   0.696969696969697  0.9543915343915345  \n",
       "2   0.925026061966434  0.8771014492753624  0.9502525252525252  \n",
       "2  0.9083391985418189  0.8478760045924225  0.9515728715728716  \n",
       "2  0.9032060131922074   0.844847775175644  0.9431289081289081  \n",
       "2  0.8869051532255793  0.8156521739130435  0.9492448292448293  \n",
       "1  0.9246406109613656   0.877456647398844  0.9845406445406445  \n",
       "1  0.9085499705445798  0.8484848484848485  0.9812578162578163  \n",
       "1  0.8564727756766465  0.7605872388481084  0.9673424723424725  \n",
       "1  0.9433962264150944  0.9075581395348837  0.9803872053872054  "
      ]
     },
     "execution_count": 10,
     "metadata": {},
     "output_type": "execute_result"
    }
   ],
   "source": [
    "df"
   ]
  },
  {
   "cell_type": "code",
   "execution_count": 11,
   "id": "4863d2b9-0988-4f6d-acd0-5af4e47a4911",
   "metadata": {},
   "outputs": [],
   "source": [
    "df.to_csv('Combined accuracy/With Yeo Johnson 80-20 Applying RF.csv', index=False)"
   ]
  },
  {
   "cell_type": "code",
   "execution_count": null,
   "id": "2dd815a3-d2e1-4269-8c86-c20afbf53650",
   "metadata": {},
   "outputs": [],
   "source": []
  }
 ],
 "metadata": {
  "kernelspec": {
   "display_name": "Python 3 (ipykernel)",
   "language": "python",
   "name": "python3"
  },
  "language_info": {
   "codemirror_mode": {
    "name": "ipython",
    "version": 3
   },
   "file_extension": ".py",
   "mimetype": "text/x-python",
   "name": "python",
   "nbconvert_exporter": "python",
   "pygments_lexer": "ipython3",
   "version": "3.9.12"
  }
 },
 "nbformat": 4,
 "nbformat_minor": 5
}
