{
 "cells": [
  {
   "cell_type": "code",
   "execution_count": 1,
   "id": "42e8a043-34dc-43cf-b822-b36cf4b2d12a",
   "metadata": {},
   "outputs": [],
   "source": [
    "import pandas as pd"
   ]
  },
  {
   "cell_type": "code",
   "execution_count": 2,
   "id": "f3d0c1a4-9fed-4528-99d0-b103fe69bcb3",
   "metadata": {},
   "outputs": [],
   "source": [
    "df1 = pd.read_csv('LMCH Moderately Imbalance 70-30 Applying IG Top 4 features.csv')\n",
    "df2 = pd.read_csv('LMCH Moderately Imbalance 70-30 Applying IG Top 5 features.csv')\n",
    "df3 = pd.read_csv('LMCH Moderately Imbalance 70-30 Applying IG Top 7 features.csv')\n",
    "df4 = pd.read_csv('LMCH Moderately Imbalance 70-30 Applying IG Top 9 features.csv')"
   ]
  },
  {
   "cell_type": "code",
   "execution_count": 3,
   "id": "96dfaa5c-349a-4a1b-8b9a-fbab5c65ec5c",
   "metadata": {},
   "outputs": [
    {
     "data": {
      "text/html": [
       "<div>\n",
       "<style scoped>\n",
       "    .dataframe tbody tr th:only-of-type {\n",
       "        vertical-align: middle;\n",
       "    }\n",
       "\n",
       "    .dataframe tbody tr th {\n",
       "        vertical-align: top;\n",
       "    }\n",
       "\n",
       "    .dataframe thead th {\n",
       "        text-align: right;\n",
       "    }\n",
       "</style>\n",
       "<table border=\"1\" class=\"dataframe\">\n",
       "  <thead>\n",
       "    <tr style=\"text-align: right;\">\n",
       "      <th></th>\n",
       "      <th>Unnamed: 0</th>\n",
       "      <th>0</th>\n",
       "      <th>1</th>\n",
       "      <th>2</th>\n",
       "      <th>3</th>\n",
       "      <th>4</th>\n",
       "      <th>5</th>\n",
       "    </tr>\n",
       "  </thead>\n",
       "  <tbody>\n",
       "    <tr>\n",
       "      <th>0</th>\n",
       "      <td>Metrics</td>\n",
       "      <td>Accuracy</td>\n",
       "      <td>Precision</td>\n",
       "      <td>Recall</td>\n",
       "      <td>F1 Score</td>\n",
       "      <td>Cohen Kappa</td>\n",
       "      <td>AUC</td>\n",
       "    </tr>\n",
       "    <tr>\n",
       "      <th>1</th>\n",
       "      <td>SVC</td>\n",
       "      <td>0.9125730994152047</td>\n",
       "      <td>0.8937637362637363</td>\n",
       "      <td>0.8875</td>\n",
       "      <td>0.8895833333333334</td>\n",
       "      <td>0.8171660741493143</td>\n",
       "      <td>0.9861333590202713</td>\n",
       "    </tr>\n",
       "    <tr>\n",
       "      <th>2</th>\n",
       "      <td>LR</td>\n",
       "      <td>0.8961988304093568</td>\n",
       "      <td>0.939423076923077</td>\n",
       "      <td>0.9375</td>\n",
       "      <td>0.9377546689303905</td>\n",
       "      <td>0.8968008255933952</td>\n",
       "      <td>0.9718951295433222</td>\n",
       "    </tr>\n",
       "    <tr>\n",
       "      <th>3</th>\n",
       "      <td>KNN</td>\n",
       "      <td>0.9131578947368422</td>\n",
       "      <td>0.8593034416563828</td>\n",
       "      <td>0.85</td>\n",
       "      <td>0.8531834597327554</td>\n",
       "      <td>0.7565305604869388</td>\n",
       "      <td>0.9746279605709901</td>\n",
       "    </tr>\n",
       "  </tbody>\n",
       "</table>\n",
       "</div>"
      ],
      "text/plain": [
       "  Unnamed: 0                   0                   1       2  \\\n",
       "0    Metrics            Accuracy           Precision  Recall   \n",
       "1        SVC  0.9125730994152047  0.8937637362637363  0.8875   \n",
       "2         LR  0.8961988304093568   0.939423076923077  0.9375   \n",
       "3        KNN  0.9131578947368422  0.8593034416563828    0.85   \n",
       "\n",
       "                    3                   4                   5  \n",
       "0            F1 Score         Cohen Kappa                 AUC  \n",
       "1  0.8895833333333334  0.8171660741493143  0.9861333590202713  \n",
       "2  0.9377546689303905  0.8968008255933952  0.9718951295433222  \n",
       "3  0.8531834597327554  0.7565305604869388  0.9746279605709901  "
      ]
     },
     "execution_count": 3,
     "metadata": {},
     "output_type": "execute_result"
    }
   ],
   "source": [
    "df4"
   ]
  },
  {
   "cell_type": "code",
   "execution_count": 4,
   "id": "24110537-6381-4188-bbf7-bf76a13c00ac",
   "metadata": {},
   "outputs": [
    {
     "data": {
      "text/html": [
       "<div>\n",
       "<style scoped>\n",
       "    .dataframe tbody tr th:only-of-type {\n",
       "        vertical-align: middle;\n",
       "    }\n",
       "\n",
       "    .dataframe tbody tr th {\n",
       "        vertical-align: top;\n",
       "    }\n",
       "\n",
       "    .dataframe thead th {\n",
       "        text-align: right;\n",
       "    }\n",
       "</style>\n",
       "<table border=\"1\" class=\"dataframe\">\n",
       "  <thead>\n",
       "    <tr style=\"text-align: right;\">\n",
       "      <th></th>\n",
       "      <th>Unnamed: 0</th>\n",
       "      <th>0</th>\n",
       "      <th>1</th>\n",
       "      <th>2</th>\n",
       "      <th>3</th>\n",
       "      <th>4</th>\n",
       "      <th>5</th>\n",
       "    </tr>\n",
       "  </thead>\n",
       "  <tbody>\n",
       "    <tr>\n",
       "      <th>1</th>\n",
       "      <td>SVC</td>\n",
       "      <td>0.9678362573099415</td>\n",
       "      <td>0.9190946374414116</td>\n",
       "      <td>0.9125</td>\n",
       "      <td>0.9148992987606</td>\n",
       "      <td>0.8576150521230612</td>\n",
       "      <td>0.9900175384862412</td>\n",
       "    </tr>\n",
       "    <tr>\n",
       "      <th>2</th>\n",
       "      <td>LR</td>\n",
       "      <td>0.8961988304093568</td>\n",
       "      <td>0.930048076923077</td>\n",
       "      <td>0.925</td>\n",
       "      <td>0.926094459241475</td>\n",
       "      <td>0.8768283294842186</td>\n",
       "      <td>0.971415653836344</td>\n",
       "    </tr>\n",
       "    <tr>\n",
       "      <th>3</th>\n",
       "      <td>KNN</td>\n",
       "      <td>0.945906432748538</td>\n",
       "      <td>0.8795594800420169</td>\n",
       "      <td>0.8625</td>\n",
       "      <td>0.8672160737812913</td>\n",
       "      <td>0.7785606441872169</td>\n",
       "      <td>0.9695206253914547</td>\n",
       "    </tr>\n",
       "  </tbody>\n",
       "</table>\n",
       "</div>"
      ],
      "text/plain": [
       "  Unnamed: 0                   0                   1       2  \\\n",
       "1        SVC  0.9678362573099415  0.9190946374414116  0.9125   \n",
       "2         LR  0.8961988304093568   0.930048076923077   0.925   \n",
       "3        KNN   0.945906432748538  0.8795594800420169  0.8625   \n",
       "\n",
       "                    3                   4                   5  \n",
       "1     0.9148992987606  0.8576150521230612  0.9900175384862412  \n",
       "2   0.926094459241475  0.8768283294842186   0.971415653836344  \n",
       "3  0.8672160737812913  0.7785606441872169  0.9695206253914547  "
      ]
     },
     "execution_count": 4,
     "metadata": {},
     "output_type": "execute_result"
    }
   ],
   "source": [
    "df2 = df2.drop(0, axis=0)\n",
    "df3 = df3.drop(0, axis=0)\n",
    "df4 = df4.drop(0, axis=0)\n",
    "df2"
   ]
  },
  {
   "cell_type": "code",
   "execution_count": 5,
   "id": "18e576c3-2e93-4c37-b3bd-594bbd25fb88",
   "metadata": {},
   "outputs": [
    {
     "data": {
      "text/html": [
       "<div>\n",
       "<style scoped>\n",
       "    .dataframe tbody tr th:only-of-type {\n",
       "        vertical-align: middle;\n",
       "    }\n",
       "\n",
       "    .dataframe tbody tr th {\n",
       "        vertical-align: top;\n",
       "    }\n",
       "\n",
       "    .dataframe thead th {\n",
       "        text-align: right;\n",
       "    }\n",
       "</style>\n",
       "<table border=\"1\" class=\"dataframe\">\n",
       "  <thead>\n",
       "    <tr style=\"text-align: right;\">\n",
       "      <th></th>\n",
       "      <th>Unnamed: 0</th>\n",
       "      <th>0</th>\n",
       "      <th>1</th>\n",
       "      <th>2</th>\n",
       "      <th>3</th>\n",
       "      <th>4</th>\n",
       "      <th>5</th>\n",
       "    </tr>\n",
       "  </thead>\n",
       "  <tbody>\n",
       "    <tr>\n",
       "      <th>0</th>\n",
       "      <td>Metrics</td>\n",
       "      <td>Accuracy</td>\n",
       "      <td>Precision</td>\n",
       "      <td>Recall</td>\n",
       "      <td>F1 Score</td>\n",
       "      <td>Cohen Kappa</td>\n",
       "      <td>AUC</td>\n",
       "    </tr>\n",
       "    <tr>\n",
       "      <th>1</th>\n",
       "      <td>SVC</td>\n",
       "      <td>0.9459064327485379</td>\n",
       "      <td>0.931756072874494</td>\n",
       "      <td>0.925</td>\n",
       "      <td>0.926577868852459</td>\n",
       "      <td>0.8776446596992098</td>\n",
       "      <td>0.9910927504021855</td>\n",
       "    </tr>\n",
       "    <tr>\n",
       "      <th>2</th>\n",
       "      <td>LR</td>\n",
       "      <td>0.89093567251462</td>\n",
       "      <td>0.9384868421052632</td>\n",
       "      <td>0.9375</td>\n",
       "      <td>0.9378174603174603</td>\n",
       "      <td>0.8969337799536202</td>\n",
       "      <td>0.9720868461803908</td>\n",
       "    </tr>\n",
       "    <tr>\n",
       "      <th>3</th>\n",
       "      <td>KNN</td>\n",
       "      <td>0.9406432748538013</td>\n",
       "      <td>0.8652380952380951</td>\n",
       "      <td>0.85</td>\n",
       "      <td>0.854634511993383</td>\n",
       "      <td>0.7587939698492463</td>\n",
       "      <td>0.9605771723974296</td>\n",
       "    </tr>\n",
       "    <tr>\n",
       "      <th>1</th>\n",
       "      <td>SVC</td>\n",
       "      <td>0.9678362573099415</td>\n",
       "      <td>0.9190946374414116</td>\n",
       "      <td>0.9125</td>\n",
       "      <td>0.9148992987606</td>\n",
       "      <td>0.8576150521230612</td>\n",
       "      <td>0.9900175384862412</td>\n",
       "    </tr>\n",
       "    <tr>\n",
       "      <th>2</th>\n",
       "      <td>LR</td>\n",
       "      <td>0.8961988304093568</td>\n",
       "      <td>0.930048076923077</td>\n",
       "      <td>0.925</td>\n",
       "      <td>0.926094459241475</td>\n",
       "      <td>0.8768283294842186</td>\n",
       "      <td>0.971415653836344</td>\n",
       "    </tr>\n",
       "    <tr>\n",
       "      <th>3</th>\n",
       "      <td>KNN</td>\n",
       "      <td>0.945906432748538</td>\n",
       "      <td>0.8795594800420169</td>\n",
       "      <td>0.8625</td>\n",
       "      <td>0.8672160737812913</td>\n",
       "      <td>0.7785606441872169</td>\n",
       "      <td>0.9695206253914547</td>\n",
       "    </tr>\n",
       "    <tr>\n",
       "      <th>1</th>\n",
       "      <td>SVC</td>\n",
       "      <td>0.9233918128654972</td>\n",
       "      <td>0.9277380952380951</td>\n",
       "      <td>0.9125</td>\n",
       "      <td>0.9168243382961127</td>\n",
       "      <td>0.8592964824120604</td>\n",
       "      <td>0.9867614589121478</td>\n",
       "    </tr>\n",
       "    <tr>\n",
       "      <th>2</th>\n",
       "      <td>LR</td>\n",
       "      <td>0.8906432748538012</td>\n",
       "      <td>0.939423076923077</td>\n",
       "      <td>0.9375</td>\n",
       "      <td>0.9377546689303905</td>\n",
       "      <td>0.8968008255933952</td>\n",
       "      <td>0.9729501907818863</td>\n",
       "    </tr>\n",
       "    <tr>\n",
       "      <th>3</th>\n",
       "      <td>KNN</td>\n",
       "      <td>0.9289473684210527</td>\n",
       "      <td>0.8906926406926408</td>\n",
       "      <td>0.875</td>\n",
       "      <td>0.880087912087912</td>\n",
       "      <td>0.7984378936759889</td>\n",
       "      <td>0.9747227635344579</td>\n",
       "    </tr>\n",
       "    <tr>\n",
       "      <th>1</th>\n",
       "      <td>SVC</td>\n",
       "      <td>0.9125730994152047</td>\n",
       "      <td>0.8937637362637363</td>\n",
       "      <td>0.8875</td>\n",
       "      <td>0.8895833333333334</td>\n",
       "      <td>0.8171660741493143</td>\n",
       "      <td>0.9861333590202713</td>\n",
       "    </tr>\n",
       "    <tr>\n",
       "      <th>2</th>\n",
       "      <td>LR</td>\n",
       "      <td>0.8961988304093568</td>\n",
       "      <td>0.939423076923077</td>\n",
       "      <td>0.9375</td>\n",
       "      <td>0.9377546689303905</td>\n",
       "      <td>0.8968008255933952</td>\n",
       "      <td>0.9718951295433222</td>\n",
       "    </tr>\n",
       "    <tr>\n",
       "      <th>3</th>\n",
       "      <td>KNN</td>\n",
       "      <td>0.9131578947368422</td>\n",
       "      <td>0.8593034416563828</td>\n",
       "      <td>0.85</td>\n",
       "      <td>0.8531834597327554</td>\n",
       "      <td>0.7565305604869388</td>\n",
       "      <td>0.9746279605709901</td>\n",
       "    </tr>\n",
       "  </tbody>\n",
       "</table>\n",
       "</div>"
      ],
      "text/plain": [
       "  Unnamed: 0                   0                   1       2  \\\n",
       "0    Metrics            Accuracy           Precision  Recall   \n",
       "1        SVC  0.9459064327485379   0.931756072874494   0.925   \n",
       "2         LR    0.89093567251462  0.9384868421052632  0.9375   \n",
       "3        KNN  0.9406432748538013  0.8652380952380951    0.85   \n",
       "1        SVC  0.9678362573099415  0.9190946374414116  0.9125   \n",
       "2         LR  0.8961988304093568   0.930048076923077   0.925   \n",
       "3        KNN   0.945906432748538  0.8795594800420169  0.8625   \n",
       "1        SVC  0.9233918128654972  0.9277380952380951  0.9125   \n",
       "2         LR  0.8906432748538012   0.939423076923077  0.9375   \n",
       "3        KNN  0.9289473684210527  0.8906926406926408   0.875   \n",
       "1        SVC  0.9125730994152047  0.8937637362637363  0.8875   \n",
       "2         LR  0.8961988304093568   0.939423076923077  0.9375   \n",
       "3        KNN  0.9131578947368422  0.8593034416563828    0.85   \n",
       "\n",
       "                    3                   4                   5  \n",
       "0            F1 Score         Cohen Kappa                 AUC  \n",
       "1   0.926577868852459  0.8776446596992098  0.9910927504021855  \n",
       "2  0.9378174603174603  0.8969337799536202  0.9720868461803908  \n",
       "3   0.854634511993383  0.7587939698492463  0.9605771723974296  \n",
       "1     0.9148992987606  0.8576150521230612  0.9900175384862412  \n",
       "2   0.926094459241475  0.8768283294842186   0.971415653836344  \n",
       "3  0.8672160737812913  0.7785606441872169  0.9695206253914547  \n",
       "1  0.9168243382961127  0.8592964824120604  0.9867614589121478  \n",
       "2  0.9377546689303905  0.8968008255933952  0.9729501907818863  \n",
       "3   0.880087912087912  0.7984378936759889  0.9747227635344579  \n",
       "1  0.8895833333333334  0.8171660741493143  0.9861333590202713  \n",
       "2  0.9377546689303905  0.8968008255933952  0.9718951295433222  \n",
       "3  0.8531834597327554  0.7565305604869388  0.9746279605709901  "
      ]
     },
     "execution_count": 5,
     "metadata": {},
     "output_type": "execute_result"
    }
   ],
   "source": [
    "df = pd.concat([df1, df2, df3, df4])\n",
    "df"
   ]
  },
  {
   "cell_type": "code",
   "execution_count": 6,
   "id": "072fabbe-9403-4676-8047-37aa29f78fd6",
   "metadata": {},
   "outputs": [],
   "source": [
    "df = df.drop(0, axis=0)"
   ]
  },
  {
   "cell_type": "code",
   "execution_count": 7,
   "id": "35a1b3e6-1e61-4154-bad9-f3e521383935",
   "metadata": {},
   "outputs": [],
   "source": [
    "df.rename(columns={'Unnamed: 0': 'Model', '0': 'Accuracy', '1': 'Precision', '2': 'Recall', '3': 'F1 Score', '4': 'Cohen Kappa', '5': 'AUC'}, inplace=True)"
   ]
  },
  {
   "cell_type": "code",
   "execution_count": 8,
   "id": "90b855a1-f700-41af-af22-b960335932f0",
   "metadata": {},
   "outputs": [
    {
     "data": {
      "text/html": [
       "<div>\n",
       "<style scoped>\n",
       "    .dataframe tbody tr th:only-of-type {\n",
       "        vertical-align: middle;\n",
       "    }\n",
       "\n",
       "    .dataframe tbody tr th {\n",
       "        vertical-align: top;\n",
       "    }\n",
       "\n",
       "    .dataframe thead th {\n",
       "        text-align: right;\n",
       "    }\n",
       "</style>\n",
       "<table border=\"1\" class=\"dataframe\">\n",
       "  <thead>\n",
       "    <tr style=\"text-align: right;\">\n",
       "      <th></th>\n",
       "      <th>Model</th>\n",
       "      <th>Accuracy</th>\n",
       "      <th>Precision</th>\n",
       "      <th>Recall</th>\n",
       "      <th>F1 Score</th>\n",
       "      <th>Cohen Kappa</th>\n",
       "      <th>AUC</th>\n",
       "    </tr>\n",
       "  </thead>\n",
       "  <tbody>\n",
       "    <tr>\n",
       "      <th>1</th>\n",
       "      <td>SVC</td>\n",
       "      <td>0.9459064327485379</td>\n",
       "      <td>0.931756072874494</td>\n",
       "      <td>0.925</td>\n",
       "      <td>0.926577868852459</td>\n",
       "      <td>0.8776446596992098</td>\n",
       "      <td>0.9910927504021855</td>\n",
       "    </tr>\n",
       "    <tr>\n",
       "      <th>2</th>\n",
       "      <td>LR</td>\n",
       "      <td>0.89093567251462</td>\n",
       "      <td>0.9384868421052632</td>\n",
       "      <td>0.9375</td>\n",
       "      <td>0.9378174603174603</td>\n",
       "      <td>0.8969337799536202</td>\n",
       "      <td>0.9720868461803908</td>\n",
       "    </tr>\n",
       "    <tr>\n",
       "      <th>3</th>\n",
       "      <td>KNN</td>\n",
       "      <td>0.9406432748538013</td>\n",
       "      <td>0.8652380952380951</td>\n",
       "      <td>0.85</td>\n",
       "      <td>0.854634511993383</td>\n",
       "      <td>0.7587939698492463</td>\n",
       "      <td>0.9605771723974296</td>\n",
       "    </tr>\n",
       "    <tr>\n",
       "      <th>1</th>\n",
       "      <td>SVC</td>\n",
       "      <td>0.9678362573099415</td>\n",
       "      <td>0.9190946374414116</td>\n",
       "      <td>0.9125</td>\n",
       "      <td>0.9148992987606</td>\n",
       "      <td>0.8576150521230612</td>\n",
       "      <td>0.9900175384862412</td>\n",
       "    </tr>\n",
       "    <tr>\n",
       "      <th>2</th>\n",
       "      <td>LR</td>\n",
       "      <td>0.8961988304093568</td>\n",
       "      <td>0.930048076923077</td>\n",
       "      <td>0.925</td>\n",
       "      <td>0.926094459241475</td>\n",
       "      <td>0.8768283294842186</td>\n",
       "      <td>0.971415653836344</td>\n",
       "    </tr>\n",
       "    <tr>\n",
       "      <th>3</th>\n",
       "      <td>KNN</td>\n",
       "      <td>0.945906432748538</td>\n",
       "      <td>0.8795594800420169</td>\n",
       "      <td>0.8625</td>\n",
       "      <td>0.8672160737812913</td>\n",
       "      <td>0.7785606441872169</td>\n",
       "      <td>0.9695206253914547</td>\n",
       "    </tr>\n",
       "    <tr>\n",
       "      <th>1</th>\n",
       "      <td>SVC</td>\n",
       "      <td>0.9233918128654972</td>\n",
       "      <td>0.9277380952380951</td>\n",
       "      <td>0.9125</td>\n",
       "      <td>0.9168243382961127</td>\n",
       "      <td>0.8592964824120604</td>\n",
       "      <td>0.9867614589121478</td>\n",
       "    </tr>\n",
       "    <tr>\n",
       "      <th>2</th>\n",
       "      <td>LR</td>\n",
       "      <td>0.8906432748538012</td>\n",
       "      <td>0.939423076923077</td>\n",
       "      <td>0.9375</td>\n",
       "      <td>0.9377546689303905</td>\n",
       "      <td>0.8968008255933952</td>\n",
       "      <td>0.9729501907818863</td>\n",
       "    </tr>\n",
       "    <tr>\n",
       "      <th>3</th>\n",
       "      <td>KNN</td>\n",
       "      <td>0.9289473684210527</td>\n",
       "      <td>0.8906926406926408</td>\n",
       "      <td>0.875</td>\n",
       "      <td>0.880087912087912</td>\n",
       "      <td>0.7984378936759889</td>\n",
       "      <td>0.9747227635344579</td>\n",
       "    </tr>\n",
       "    <tr>\n",
       "      <th>1</th>\n",
       "      <td>SVC</td>\n",
       "      <td>0.9125730994152047</td>\n",
       "      <td>0.8937637362637363</td>\n",
       "      <td>0.8875</td>\n",
       "      <td>0.8895833333333334</td>\n",
       "      <td>0.8171660741493143</td>\n",
       "      <td>0.9861333590202713</td>\n",
       "    </tr>\n",
       "    <tr>\n",
       "      <th>2</th>\n",
       "      <td>LR</td>\n",
       "      <td>0.8961988304093568</td>\n",
       "      <td>0.939423076923077</td>\n",
       "      <td>0.9375</td>\n",
       "      <td>0.9377546689303905</td>\n",
       "      <td>0.8968008255933952</td>\n",
       "      <td>0.9718951295433222</td>\n",
       "    </tr>\n",
       "    <tr>\n",
       "      <th>3</th>\n",
       "      <td>KNN</td>\n",
       "      <td>0.9131578947368422</td>\n",
       "      <td>0.8593034416563828</td>\n",
       "      <td>0.85</td>\n",
       "      <td>0.8531834597327554</td>\n",
       "      <td>0.7565305604869388</td>\n",
       "      <td>0.9746279605709901</td>\n",
       "    </tr>\n",
       "  </tbody>\n",
       "</table>\n",
       "</div>"
      ],
      "text/plain": [
       "  Model            Accuracy           Precision  Recall            F1 Score  \\\n",
       "1   SVC  0.9459064327485379   0.931756072874494   0.925   0.926577868852459   \n",
       "2    LR    0.89093567251462  0.9384868421052632  0.9375  0.9378174603174603   \n",
       "3   KNN  0.9406432748538013  0.8652380952380951    0.85   0.854634511993383   \n",
       "1   SVC  0.9678362573099415  0.9190946374414116  0.9125     0.9148992987606   \n",
       "2    LR  0.8961988304093568   0.930048076923077   0.925   0.926094459241475   \n",
       "3   KNN   0.945906432748538  0.8795594800420169  0.8625  0.8672160737812913   \n",
       "1   SVC  0.9233918128654972  0.9277380952380951  0.9125  0.9168243382961127   \n",
       "2    LR  0.8906432748538012   0.939423076923077  0.9375  0.9377546689303905   \n",
       "3   KNN  0.9289473684210527  0.8906926406926408   0.875   0.880087912087912   \n",
       "1   SVC  0.9125730994152047  0.8937637362637363  0.8875  0.8895833333333334   \n",
       "2    LR  0.8961988304093568   0.939423076923077  0.9375  0.9377546689303905   \n",
       "3   KNN  0.9131578947368422  0.8593034416563828    0.85  0.8531834597327554   \n",
       "\n",
       "          Cohen Kappa                 AUC  \n",
       "1  0.8776446596992098  0.9910927504021855  \n",
       "2  0.8969337799536202  0.9720868461803908  \n",
       "3  0.7587939698492463  0.9605771723974296  \n",
       "1  0.8576150521230612  0.9900175384862412  \n",
       "2  0.8768283294842186   0.971415653836344  \n",
       "3  0.7785606441872169  0.9695206253914547  \n",
       "1  0.8592964824120604  0.9867614589121478  \n",
       "2  0.8968008255933952  0.9729501907818863  \n",
       "3  0.7984378936759889  0.9747227635344579  \n",
       "1  0.8171660741493143  0.9861333590202713  \n",
       "2  0.8968008255933952  0.9718951295433222  \n",
       "3  0.7565305604869388  0.9746279605709901  "
      ]
     },
     "execution_count": 8,
     "metadata": {},
     "output_type": "execute_result"
    }
   ],
   "source": [
    "df"
   ]
  },
  {
   "cell_type": "code",
   "execution_count": 9,
   "id": "1e774346-9650-41cb-bacb-b8e4dc1f9499",
   "metadata": {},
   "outputs": [],
   "source": [
    "df = df.sort_values('Model')"
   ]
  },
  {
   "cell_type": "code",
   "execution_count": 10,
   "id": "b748ed33-684f-41fc-aefc-ffb8cfc3fe9f",
   "metadata": {},
   "outputs": [
    {
     "data": {
      "text/html": [
       "<div>\n",
       "<style scoped>\n",
       "    .dataframe tbody tr th:only-of-type {\n",
       "        vertical-align: middle;\n",
       "    }\n",
       "\n",
       "    .dataframe tbody tr th {\n",
       "        vertical-align: top;\n",
       "    }\n",
       "\n",
       "    .dataframe thead th {\n",
       "        text-align: right;\n",
       "    }\n",
       "</style>\n",
       "<table border=\"1\" class=\"dataframe\">\n",
       "  <thead>\n",
       "    <tr style=\"text-align: right;\">\n",
       "      <th></th>\n",
       "      <th>Model</th>\n",
       "      <th>Accuracy</th>\n",
       "      <th>Precision</th>\n",
       "      <th>Recall</th>\n",
       "      <th>F1 Score</th>\n",
       "      <th>Cohen Kappa</th>\n",
       "      <th>AUC</th>\n",
       "    </tr>\n",
       "  </thead>\n",
       "  <tbody>\n",
       "    <tr>\n",
       "      <th>3</th>\n",
       "      <td>KNN</td>\n",
       "      <td>0.9406432748538013</td>\n",
       "      <td>0.8652380952380951</td>\n",
       "      <td>0.85</td>\n",
       "      <td>0.854634511993383</td>\n",
       "      <td>0.7587939698492463</td>\n",
       "      <td>0.9605771723974296</td>\n",
       "    </tr>\n",
       "    <tr>\n",
       "      <th>3</th>\n",
       "      <td>KNN</td>\n",
       "      <td>0.945906432748538</td>\n",
       "      <td>0.8795594800420169</td>\n",
       "      <td>0.8625</td>\n",
       "      <td>0.8672160737812913</td>\n",
       "      <td>0.7785606441872169</td>\n",
       "      <td>0.9695206253914547</td>\n",
       "    </tr>\n",
       "    <tr>\n",
       "      <th>3</th>\n",
       "      <td>KNN</td>\n",
       "      <td>0.9289473684210527</td>\n",
       "      <td>0.8906926406926408</td>\n",
       "      <td>0.875</td>\n",
       "      <td>0.880087912087912</td>\n",
       "      <td>0.7984378936759889</td>\n",
       "      <td>0.9747227635344579</td>\n",
       "    </tr>\n",
       "    <tr>\n",
       "      <th>3</th>\n",
       "      <td>KNN</td>\n",
       "      <td>0.9131578947368422</td>\n",
       "      <td>0.8593034416563828</td>\n",
       "      <td>0.85</td>\n",
       "      <td>0.8531834597327554</td>\n",
       "      <td>0.7565305604869388</td>\n",
       "      <td>0.9746279605709901</td>\n",
       "    </tr>\n",
       "    <tr>\n",
       "      <th>2</th>\n",
       "      <td>LR</td>\n",
       "      <td>0.89093567251462</td>\n",
       "      <td>0.9384868421052632</td>\n",
       "      <td>0.9375</td>\n",
       "      <td>0.9378174603174603</td>\n",
       "      <td>0.8969337799536202</td>\n",
       "      <td>0.9720868461803908</td>\n",
       "    </tr>\n",
       "    <tr>\n",
       "      <th>2</th>\n",
       "      <td>LR</td>\n",
       "      <td>0.8961988304093568</td>\n",
       "      <td>0.930048076923077</td>\n",
       "      <td>0.925</td>\n",
       "      <td>0.926094459241475</td>\n",
       "      <td>0.8768283294842186</td>\n",
       "      <td>0.971415653836344</td>\n",
       "    </tr>\n",
       "    <tr>\n",
       "      <th>2</th>\n",
       "      <td>LR</td>\n",
       "      <td>0.8906432748538012</td>\n",
       "      <td>0.939423076923077</td>\n",
       "      <td>0.9375</td>\n",
       "      <td>0.9377546689303905</td>\n",
       "      <td>0.8968008255933952</td>\n",
       "      <td>0.9729501907818863</td>\n",
       "    </tr>\n",
       "    <tr>\n",
       "      <th>2</th>\n",
       "      <td>LR</td>\n",
       "      <td>0.8961988304093568</td>\n",
       "      <td>0.939423076923077</td>\n",
       "      <td>0.9375</td>\n",
       "      <td>0.9377546689303905</td>\n",
       "      <td>0.8968008255933952</td>\n",
       "      <td>0.9718951295433222</td>\n",
       "    </tr>\n",
       "    <tr>\n",
       "      <th>1</th>\n",
       "      <td>SVC</td>\n",
       "      <td>0.9459064327485379</td>\n",
       "      <td>0.931756072874494</td>\n",
       "      <td>0.925</td>\n",
       "      <td>0.926577868852459</td>\n",
       "      <td>0.8776446596992098</td>\n",
       "      <td>0.9910927504021855</td>\n",
       "    </tr>\n",
       "    <tr>\n",
       "      <th>1</th>\n",
       "      <td>SVC</td>\n",
       "      <td>0.9678362573099415</td>\n",
       "      <td>0.9190946374414116</td>\n",
       "      <td>0.9125</td>\n",
       "      <td>0.9148992987606</td>\n",
       "      <td>0.8576150521230612</td>\n",
       "      <td>0.9900175384862412</td>\n",
       "    </tr>\n",
       "    <tr>\n",
       "      <th>1</th>\n",
       "      <td>SVC</td>\n",
       "      <td>0.9233918128654972</td>\n",
       "      <td>0.9277380952380951</td>\n",
       "      <td>0.9125</td>\n",
       "      <td>0.9168243382961127</td>\n",
       "      <td>0.8592964824120604</td>\n",
       "      <td>0.9867614589121478</td>\n",
       "    </tr>\n",
       "    <tr>\n",
       "      <th>1</th>\n",
       "      <td>SVC</td>\n",
       "      <td>0.9125730994152047</td>\n",
       "      <td>0.8937637362637363</td>\n",
       "      <td>0.8875</td>\n",
       "      <td>0.8895833333333334</td>\n",
       "      <td>0.8171660741493143</td>\n",
       "      <td>0.9861333590202713</td>\n",
       "    </tr>\n",
       "  </tbody>\n",
       "</table>\n",
       "</div>"
      ],
      "text/plain": [
       "  Model            Accuracy           Precision  Recall            F1 Score  \\\n",
       "3   KNN  0.9406432748538013  0.8652380952380951    0.85   0.854634511993383   \n",
       "3   KNN   0.945906432748538  0.8795594800420169  0.8625  0.8672160737812913   \n",
       "3   KNN  0.9289473684210527  0.8906926406926408   0.875   0.880087912087912   \n",
       "3   KNN  0.9131578947368422  0.8593034416563828    0.85  0.8531834597327554   \n",
       "2    LR    0.89093567251462  0.9384868421052632  0.9375  0.9378174603174603   \n",
       "2    LR  0.8961988304093568   0.930048076923077   0.925   0.926094459241475   \n",
       "2    LR  0.8906432748538012   0.939423076923077  0.9375  0.9377546689303905   \n",
       "2    LR  0.8961988304093568   0.939423076923077  0.9375  0.9377546689303905   \n",
       "1   SVC  0.9459064327485379   0.931756072874494   0.925   0.926577868852459   \n",
       "1   SVC  0.9678362573099415  0.9190946374414116  0.9125     0.9148992987606   \n",
       "1   SVC  0.9233918128654972  0.9277380952380951  0.9125  0.9168243382961127   \n",
       "1   SVC  0.9125730994152047  0.8937637362637363  0.8875  0.8895833333333334   \n",
       "\n",
       "          Cohen Kappa                 AUC  \n",
       "3  0.7587939698492463  0.9605771723974296  \n",
       "3  0.7785606441872169  0.9695206253914547  \n",
       "3  0.7984378936759889  0.9747227635344579  \n",
       "3  0.7565305604869388  0.9746279605709901  \n",
       "2  0.8969337799536202  0.9720868461803908  \n",
       "2  0.8768283294842186   0.971415653836344  \n",
       "2  0.8968008255933952  0.9729501907818863  \n",
       "2  0.8968008255933952  0.9718951295433222  \n",
       "1  0.8776446596992098  0.9910927504021855  \n",
       "1  0.8576150521230612  0.9900175384862412  \n",
       "1  0.8592964824120604  0.9867614589121478  \n",
       "1  0.8171660741493143  0.9861333590202713  "
      ]
     },
     "execution_count": 10,
     "metadata": {},
     "output_type": "execute_result"
    }
   ],
   "source": [
    "df"
   ]
  },
  {
   "cell_type": "code",
   "execution_count": 11,
   "id": "4863d2b9-0988-4f6d-acd0-5af4e47a4911",
   "metadata": {},
   "outputs": [],
   "source": [
    "df.to_csv('Moderately Imbalance 70-30 Applying IG.csv', index=False)"
   ]
  },
  {
   "cell_type": "code",
   "execution_count": null,
   "id": "2dd815a3-d2e1-4269-8c86-c20afbf53650",
   "metadata": {},
   "outputs": [],
   "source": []
  }
 ],
 "metadata": {
  "kernelspec": {
   "display_name": "Python 3 (ipykernel)",
   "language": "python",
   "name": "python3"
  },
  "language_info": {
   "codemirror_mode": {
    "name": "ipython",
    "version": 3
   },
   "file_extension": ".py",
   "mimetype": "text/x-python",
   "name": "python",
   "nbconvert_exporter": "python",
   "pygments_lexer": "ipython3",
   "version": "3.9.12"
  }
 },
 "nbformat": 4,
 "nbformat_minor": 5
}
