{
 "cells": [
  {
   "cell_type": "code",
   "execution_count": 1,
   "id": "42e8a043-34dc-43cf-b822-b36cf4b2d12a",
   "metadata": {},
   "outputs": [],
   "source": [
    "import pandas as pd"
   ]
  },
  {
   "cell_type": "code",
   "execution_count": 2,
   "id": "f3d0c1a4-9fed-4528-99d0-b103fe69bcb3",
   "metadata": {},
   "outputs": [],
   "source": [
    "df1 = pd.read_csv('Without Yeo Johnson 80-20 Applying SFS Top 4 features.csv')\n",
    "df2 = pd.read_csv('Without Yeo Johnson 80-20 Applying SFS Top 5 features.csv')\n",
    "df3 = pd.read_csv('Without Yeo Johnson 80-20 Applying SFS Top 7 features.csv')\n",
    "df4 = pd.read_csv('Without Yeo Johnson 80-20 Applying SFS Top 9 features.csv')"
   ]
  },
  {
   "cell_type": "code",
   "execution_count": 3,
   "id": "96dfaa5c-349a-4a1b-8b9a-fbab5c65ec5c",
   "metadata": {},
   "outputs": [
    {
     "data": {
      "text/html": [
       "<div>\n",
       "<style scoped>\n",
       "    .dataframe tbody tr th:only-of-type {\n",
       "        vertical-align: middle;\n",
       "    }\n",
       "\n",
       "    .dataframe tbody tr th {\n",
       "        vertical-align: top;\n",
       "    }\n",
       "\n",
       "    .dataframe thead th {\n",
       "        text-align: right;\n",
       "    }\n",
       "</style>\n",
       "<table border=\"1\" class=\"dataframe\">\n",
       "  <thead>\n",
       "    <tr style=\"text-align: right;\">\n",
       "      <th></th>\n",
       "      <th>Unnamed: 0</th>\n",
       "      <th>0</th>\n",
       "      <th>1</th>\n",
       "      <th>2</th>\n",
       "      <th>3</th>\n",
       "      <th>4</th>\n",
       "      <th>5</th>\n",
       "    </tr>\n",
       "  </thead>\n",
       "  <tbody>\n",
       "    <tr>\n",
       "      <th>0</th>\n",
       "      <td>Metrics</td>\n",
       "      <td>Accuracy</td>\n",
       "      <td>Precision</td>\n",
       "      <td>Recall</td>\n",
       "      <td>F1 Score</td>\n",
       "      <td>Cohen Kappa</td>\n",
       "      <td>AUC</td>\n",
       "    </tr>\n",
       "    <tr>\n",
       "      <th>1</th>\n",
       "      <td>SVC</td>\n",
       "      <td>0.9056603773584906</td>\n",
       "      <td>0.9054153393776035</td>\n",
       "      <td>0.9056603773584906</td>\n",
       "      <td>0.9041201386214863</td>\n",
       "      <td>0.8453006421482778</td>\n",
       "      <td>0.949944684944685</td>\n",
       "    </tr>\n",
       "    <tr>\n",
       "      <th>2</th>\n",
       "      <td>LR</td>\n",
       "      <td>0.9056603773584906</td>\n",
       "      <td>0.9054153393776035</td>\n",
       "      <td>0.9056603773584906</td>\n",
       "      <td>0.9041201386214863</td>\n",
       "      <td>0.8453006421482778</td>\n",
       "      <td>0.9541534391534392</td>\n",
       "    </tr>\n",
       "    <tr>\n",
       "      <th>3</th>\n",
       "      <td>KNN</td>\n",
       "      <td>0.8679245283018868</td>\n",
       "      <td>0.859538784067086</td>\n",
       "      <td>0.8679245283018868</td>\n",
       "      <td>0.861289653742484</td>\n",
       "      <td>0.7799525504151839</td>\n",
       "      <td>0.9452525252525251</td>\n",
       "    </tr>\n",
       "  </tbody>\n",
       "</table>\n",
       "</div>"
      ],
      "text/plain": [
       "  Unnamed: 0                   0                   1                   2  \\\n",
       "0    Metrics            Accuracy           Precision              Recall   \n",
       "1        SVC  0.9056603773584906  0.9054153393776035  0.9056603773584906   \n",
       "2         LR  0.9056603773584906  0.9054153393776035  0.9056603773584906   \n",
       "3        KNN  0.8679245283018868   0.859538784067086  0.8679245283018868   \n",
       "\n",
       "                    3                   4                   5  \n",
       "0            F1 Score         Cohen Kappa                 AUC  \n",
       "1  0.9041201386214863  0.8453006421482778   0.949944684944685  \n",
       "2  0.9041201386214863  0.8453006421482778  0.9541534391534392  \n",
       "3   0.861289653742484  0.7799525504151839  0.9452525252525251  "
      ]
     },
     "execution_count": 3,
     "metadata": {},
     "output_type": "execute_result"
    }
   ],
   "source": [
    "df4"
   ]
  },
  {
   "cell_type": "code",
   "execution_count": 4,
   "id": "24110537-6381-4188-bbf7-bf76a13c00ac",
   "metadata": {},
   "outputs": [
    {
     "data": {
      "text/html": [
       "<div>\n",
       "<style scoped>\n",
       "    .dataframe tbody tr th:only-of-type {\n",
       "        vertical-align: middle;\n",
       "    }\n",
       "\n",
       "    .dataframe tbody tr th {\n",
       "        vertical-align: top;\n",
       "    }\n",
       "\n",
       "    .dataframe thead th {\n",
       "        text-align: right;\n",
       "    }\n",
       "</style>\n",
       "<table border=\"1\" class=\"dataframe\">\n",
       "  <thead>\n",
       "    <tr style=\"text-align: right;\">\n",
       "      <th></th>\n",
       "      <th>Unnamed: 0</th>\n",
       "      <th>0</th>\n",
       "      <th>1</th>\n",
       "      <th>2</th>\n",
       "      <th>3</th>\n",
       "      <th>4</th>\n",
       "      <th>5</th>\n",
       "    </tr>\n",
       "  </thead>\n",
       "  <tbody>\n",
       "    <tr>\n",
       "      <th>1</th>\n",
       "      <td>SVC</td>\n",
       "      <td>0.8867924528301887</td>\n",
       "      <td>0.8941755537325676</td>\n",
       "      <td>0.8867924528301887</td>\n",
       "      <td>0.8869604996592384</td>\n",
       "      <td>0.8167146974063401</td>\n",
       "      <td>0.9781746031746031</td>\n",
       "    </tr>\n",
       "    <tr>\n",
       "      <th>2</th>\n",
       "      <td>LR</td>\n",
       "      <td>0.9245283018867925</td>\n",
       "      <td>0.9326370921941062</td>\n",
       "      <td>0.9245283018867925</td>\n",
       "      <td>0.9141092154281634</td>\n",
       "      <td>0.8728254349130173</td>\n",
       "      <td>0.9884126984126983</td>\n",
       "    </tr>\n",
       "    <tr>\n",
       "      <th>3</th>\n",
       "      <td>KNN</td>\n",
       "      <td>0.8301886792452831</td>\n",
       "      <td>0.8827838827838828</td>\n",
       "      <td>0.8301886792452831</td>\n",
       "      <td>0.843375906192289</td>\n",
       "      <td>0.7364640883977901</td>\n",
       "      <td>0.9678499278499278</td>\n",
       "    </tr>\n",
       "  </tbody>\n",
       "</table>\n",
       "</div>"
      ],
      "text/plain": [
       "  Unnamed: 0                   0                   1                   2  \\\n",
       "1        SVC  0.8867924528301887  0.8941755537325676  0.8867924528301887   \n",
       "2         LR  0.9245283018867925  0.9326370921941062  0.9245283018867925   \n",
       "3        KNN  0.8301886792452831  0.8827838827838828  0.8301886792452831   \n",
       "\n",
       "                    3                   4                   5  \n",
       "1  0.8869604996592384  0.8167146974063401  0.9781746031746031  \n",
       "2  0.9141092154281634  0.8728254349130173  0.9884126984126983  \n",
       "3   0.843375906192289  0.7364640883977901  0.9678499278499278  "
      ]
     },
     "execution_count": 4,
     "metadata": {},
     "output_type": "execute_result"
    }
   ],
   "source": [
    "df2 = df2.drop(0, axis=0)\n",
    "df3 = df3.drop(0, axis=0)\n",
    "df4 = df4.drop(0, axis=0)\n",
    "df2"
   ]
  },
  {
   "cell_type": "code",
   "execution_count": 5,
   "id": "18e576c3-2e93-4c37-b3bd-594bbd25fb88",
   "metadata": {},
   "outputs": [
    {
     "data": {
      "text/html": [
       "<div>\n",
       "<style scoped>\n",
       "    .dataframe tbody tr th:only-of-type {\n",
       "        vertical-align: middle;\n",
       "    }\n",
       "\n",
       "    .dataframe tbody tr th {\n",
       "        vertical-align: top;\n",
       "    }\n",
       "\n",
       "    .dataframe thead th {\n",
       "        text-align: right;\n",
       "    }\n",
       "</style>\n",
       "<table border=\"1\" class=\"dataframe\">\n",
       "  <thead>\n",
       "    <tr style=\"text-align: right;\">\n",
       "      <th></th>\n",
       "      <th>Unnamed: 0</th>\n",
       "      <th>0</th>\n",
       "      <th>1</th>\n",
       "      <th>2</th>\n",
       "      <th>3</th>\n",
       "      <th>4</th>\n",
       "      <th>5</th>\n",
       "    </tr>\n",
       "  </thead>\n",
       "  <tbody>\n",
       "    <tr>\n",
       "      <th>0</th>\n",
       "      <td>Metrics</td>\n",
       "      <td>Accuracy</td>\n",
       "      <td>Precision</td>\n",
       "      <td>Recall</td>\n",
       "      <td>F1 Score</td>\n",
       "      <td>Cohen Kappa</td>\n",
       "      <td>AUC</td>\n",
       "    </tr>\n",
       "    <tr>\n",
       "      <th>1</th>\n",
       "      <td>SVC</td>\n",
       "      <td>0.9056603773584906</td>\n",
       "      <td>0.910377358490566</td>\n",
       "      <td>0.9056603773584906</td>\n",
       "      <td>0.9074724229314368</td>\n",
       "      <td>0.8474381116868164</td>\n",
       "      <td>0.986957671957672</td>\n",
       "    </tr>\n",
       "    <tr>\n",
       "      <th>2</th>\n",
       "      <td>LR</td>\n",
       "      <td>0.8867924528301887</td>\n",
       "      <td>0.8767590080141351</td>\n",
       "      <td>0.8867924528301887</td>\n",
       "      <td>0.8704540174999355</td>\n",
       "      <td>0.8092381523695261</td>\n",
       "      <td>0.9898148148148148</td>\n",
       "    </tr>\n",
       "    <tr>\n",
       "      <th>3</th>\n",
       "      <td>KNN</td>\n",
       "      <td>0.9811320754716981</td>\n",
       "      <td>0.9832285115303984</td>\n",
       "      <td>0.9811320754716981</td>\n",
       "      <td>0.9814944845862873</td>\n",
       "      <td>0.9694876223373633</td>\n",
       "      <td>0.9990608465608467</td>\n",
       "    </tr>\n",
       "    <tr>\n",
       "      <th>1</th>\n",
       "      <td>SVC</td>\n",
       "      <td>0.8867924528301887</td>\n",
       "      <td>0.8941755537325676</td>\n",
       "      <td>0.8867924528301887</td>\n",
       "      <td>0.8869604996592384</td>\n",
       "      <td>0.8167146974063401</td>\n",
       "      <td>0.9781746031746031</td>\n",
       "    </tr>\n",
       "    <tr>\n",
       "      <th>2</th>\n",
       "      <td>LR</td>\n",
       "      <td>0.9245283018867925</td>\n",
       "      <td>0.9326370921941062</td>\n",
       "      <td>0.9245283018867925</td>\n",
       "      <td>0.9141092154281634</td>\n",
       "      <td>0.8728254349130173</td>\n",
       "      <td>0.9884126984126983</td>\n",
       "    </tr>\n",
       "    <tr>\n",
       "      <th>3</th>\n",
       "      <td>KNN</td>\n",
       "      <td>0.8301886792452831</td>\n",
       "      <td>0.8827838827838828</td>\n",
       "      <td>0.8301886792452831</td>\n",
       "      <td>0.843375906192289</td>\n",
       "      <td>0.7364640883977901</td>\n",
       "      <td>0.9678499278499278</td>\n",
       "    </tr>\n",
       "    <tr>\n",
       "      <th>1</th>\n",
       "      <td>SVC</td>\n",
       "      <td>0.8679245283018868</td>\n",
       "      <td>0.8616352201257863</td>\n",
       "      <td>0.8679245283018868</td>\n",
       "      <td>0.8524871355060034</td>\n",
       "      <td>0.77811004784689</td>\n",
       "      <td>0.9495262145262146</td>\n",
       "    </tr>\n",
       "    <tr>\n",
       "      <th>2</th>\n",
       "      <td>LR</td>\n",
       "      <td>0.8867924528301887</td>\n",
       "      <td>0.9056603773584906</td>\n",
       "      <td>0.8867924528301887</td>\n",
       "      <td>0.8705927196493235</td>\n",
       "      <td>0.808433734939759</td>\n",
       "      <td>0.9860582010582011</td>\n",
       "    </tr>\n",
       "    <tr>\n",
       "      <th>3</th>\n",
       "      <td>KNN</td>\n",
       "      <td>0.7924528301886793</td>\n",
       "      <td>0.7757861635220125</td>\n",
       "      <td>0.7924528301886793</td>\n",
       "      <td>0.7787576305096521</td>\n",
       "      <td>0.654825340438129</td>\n",
       "      <td>0.9213407888407888</td>\n",
       "    </tr>\n",
       "    <tr>\n",
       "      <th>1</th>\n",
       "      <td>SVC</td>\n",
       "      <td>0.9056603773584906</td>\n",
       "      <td>0.9054153393776035</td>\n",
       "      <td>0.9056603773584906</td>\n",
       "      <td>0.9041201386214863</td>\n",
       "      <td>0.8453006421482778</td>\n",
       "      <td>0.949944684944685</td>\n",
       "    </tr>\n",
       "    <tr>\n",
       "      <th>2</th>\n",
       "      <td>LR</td>\n",
       "      <td>0.9056603773584906</td>\n",
       "      <td>0.9054153393776035</td>\n",
       "      <td>0.9056603773584906</td>\n",
       "      <td>0.9041201386214863</td>\n",
       "      <td>0.8453006421482778</td>\n",
       "      <td>0.9541534391534392</td>\n",
       "    </tr>\n",
       "    <tr>\n",
       "      <th>3</th>\n",
       "      <td>KNN</td>\n",
       "      <td>0.8679245283018868</td>\n",
       "      <td>0.859538784067086</td>\n",
       "      <td>0.8679245283018868</td>\n",
       "      <td>0.861289653742484</td>\n",
       "      <td>0.7799525504151839</td>\n",
       "      <td>0.9452525252525251</td>\n",
       "    </tr>\n",
       "  </tbody>\n",
       "</table>\n",
       "</div>"
      ],
      "text/plain": [
       "  Unnamed: 0                   0                   1                   2  \\\n",
       "0    Metrics            Accuracy           Precision              Recall   \n",
       "1        SVC  0.9056603773584906   0.910377358490566  0.9056603773584906   \n",
       "2         LR  0.8867924528301887  0.8767590080141351  0.8867924528301887   \n",
       "3        KNN  0.9811320754716981  0.9832285115303984  0.9811320754716981   \n",
       "1        SVC  0.8867924528301887  0.8941755537325676  0.8867924528301887   \n",
       "2         LR  0.9245283018867925  0.9326370921941062  0.9245283018867925   \n",
       "3        KNN  0.8301886792452831  0.8827838827838828  0.8301886792452831   \n",
       "1        SVC  0.8679245283018868  0.8616352201257863  0.8679245283018868   \n",
       "2         LR  0.8867924528301887  0.9056603773584906  0.8867924528301887   \n",
       "3        KNN  0.7924528301886793  0.7757861635220125  0.7924528301886793   \n",
       "1        SVC  0.9056603773584906  0.9054153393776035  0.9056603773584906   \n",
       "2         LR  0.9056603773584906  0.9054153393776035  0.9056603773584906   \n",
       "3        KNN  0.8679245283018868   0.859538784067086  0.8679245283018868   \n",
       "\n",
       "                    3                   4                   5  \n",
       "0            F1 Score         Cohen Kappa                 AUC  \n",
       "1  0.9074724229314368  0.8474381116868164   0.986957671957672  \n",
       "2  0.8704540174999355  0.8092381523695261  0.9898148148148148  \n",
       "3  0.9814944845862873  0.9694876223373633  0.9990608465608467  \n",
       "1  0.8869604996592384  0.8167146974063401  0.9781746031746031  \n",
       "2  0.9141092154281634  0.8728254349130173  0.9884126984126983  \n",
       "3   0.843375906192289  0.7364640883977901  0.9678499278499278  \n",
       "1  0.8524871355060034    0.77811004784689  0.9495262145262146  \n",
       "2  0.8705927196493235   0.808433734939759  0.9860582010582011  \n",
       "3  0.7787576305096521   0.654825340438129  0.9213407888407888  \n",
       "1  0.9041201386214863  0.8453006421482778   0.949944684944685  \n",
       "2  0.9041201386214863  0.8453006421482778  0.9541534391534392  \n",
       "3   0.861289653742484  0.7799525504151839  0.9452525252525251  "
      ]
     },
     "execution_count": 5,
     "metadata": {},
     "output_type": "execute_result"
    }
   ],
   "source": [
    "df = pd.concat([df1, df2, df3, df4])\n",
    "df"
   ]
  },
  {
   "cell_type": "code",
   "execution_count": 6,
   "id": "072fabbe-9403-4676-8047-37aa29f78fd6",
   "metadata": {},
   "outputs": [],
   "source": [
    "df = df.drop(0, axis=0)"
   ]
  },
  {
   "cell_type": "code",
   "execution_count": 7,
   "id": "35a1b3e6-1e61-4154-bad9-f3e521383935",
   "metadata": {},
   "outputs": [],
   "source": [
    "df.rename(columns={'Unnamed: 0': 'Model', '0': 'Accuracy', '1': 'Precision', '2': 'Recall', '3': 'F1 Score', '4': 'Cohen Kappa', '5': 'AUC'}, inplace=True)"
   ]
  },
  {
   "cell_type": "code",
   "execution_count": 8,
   "id": "90b855a1-f700-41af-af22-b960335932f0",
   "metadata": {},
   "outputs": [
    {
     "data": {
      "text/html": [
       "<div>\n",
       "<style scoped>\n",
       "    .dataframe tbody tr th:only-of-type {\n",
       "        vertical-align: middle;\n",
       "    }\n",
       "\n",
       "    .dataframe tbody tr th {\n",
       "        vertical-align: top;\n",
       "    }\n",
       "\n",
       "    .dataframe thead th {\n",
       "        text-align: right;\n",
       "    }\n",
       "</style>\n",
       "<table border=\"1\" class=\"dataframe\">\n",
       "  <thead>\n",
       "    <tr style=\"text-align: right;\">\n",
       "      <th></th>\n",
       "      <th>Model</th>\n",
       "      <th>Accuracy</th>\n",
       "      <th>Precision</th>\n",
       "      <th>Recall</th>\n",
       "      <th>F1 Score</th>\n",
       "      <th>Cohen Kappa</th>\n",
       "      <th>AUC</th>\n",
       "    </tr>\n",
       "  </thead>\n",
       "  <tbody>\n",
       "    <tr>\n",
       "      <th>1</th>\n",
       "      <td>SVC</td>\n",
       "      <td>0.9056603773584906</td>\n",
       "      <td>0.910377358490566</td>\n",
       "      <td>0.9056603773584906</td>\n",
       "      <td>0.9074724229314368</td>\n",
       "      <td>0.8474381116868164</td>\n",
       "      <td>0.986957671957672</td>\n",
       "    </tr>\n",
       "    <tr>\n",
       "      <th>2</th>\n",
       "      <td>LR</td>\n",
       "      <td>0.8867924528301887</td>\n",
       "      <td>0.8767590080141351</td>\n",
       "      <td>0.8867924528301887</td>\n",
       "      <td>0.8704540174999355</td>\n",
       "      <td>0.8092381523695261</td>\n",
       "      <td>0.9898148148148148</td>\n",
       "    </tr>\n",
       "    <tr>\n",
       "      <th>3</th>\n",
       "      <td>KNN</td>\n",
       "      <td>0.9811320754716981</td>\n",
       "      <td>0.9832285115303984</td>\n",
       "      <td>0.9811320754716981</td>\n",
       "      <td>0.9814944845862873</td>\n",
       "      <td>0.9694876223373633</td>\n",
       "      <td>0.9990608465608467</td>\n",
       "    </tr>\n",
       "    <tr>\n",
       "      <th>1</th>\n",
       "      <td>SVC</td>\n",
       "      <td>0.8867924528301887</td>\n",
       "      <td>0.8941755537325676</td>\n",
       "      <td>0.8867924528301887</td>\n",
       "      <td>0.8869604996592384</td>\n",
       "      <td>0.8167146974063401</td>\n",
       "      <td>0.9781746031746031</td>\n",
       "    </tr>\n",
       "    <tr>\n",
       "      <th>2</th>\n",
       "      <td>LR</td>\n",
       "      <td>0.9245283018867925</td>\n",
       "      <td>0.9326370921941062</td>\n",
       "      <td>0.9245283018867925</td>\n",
       "      <td>0.9141092154281634</td>\n",
       "      <td>0.8728254349130173</td>\n",
       "      <td>0.9884126984126983</td>\n",
       "    </tr>\n",
       "    <tr>\n",
       "      <th>3</th>\n",
       "      <td>KNN</td>\n",
       "      <td>0.8301886792452831</td>\n",
       "      <td>0.8827838827838828</td>\n",
       "      <td>0.8301886792452831</td>\n",
       "      <td>0.843375906192289</td>\n",
       "      <td>0.7364640883977901</td>\n",
       "      <td>0.9678499278499278</td>\n",
       "    </tr>\n",
       "    <tr>\n",
       "      <th>1</th>\n",
       "      <td>SVC</td>\n",
       "      <td>0.8679245283018868</td>\n",
       "      <td>0.8616352201257863</td>\n",
       "      <td>0.8679245283018868</td>\n",
       "      <td>0.8524871355060034</td>\n",
       "      <td>0.77811004784689</td>\n",
       "      <td>0.9495262145262146</td>\n",
       "    </tr>\n",
       "    <tr>\n",
       "      <th>2</th>\n",
       "      <td>LR</td>\n",
       "      <td>0.8867924528301887</td>\n",
       "      <td>0.9056603773584906</td>\n",
       "      <td>0.8867924528301887</td>\n",
       "      <td>0.8705927196493235</td>\n",
       "      <td>0.808433734939759</td>\n",
       "      <td>0.9860582010582011</td>\n",
       "    </tr>\n",
       "    <tr>\n",
       "      <th>3</th>\n",
       "      <td>KNN</td>\n",
       "      <td>0.7924528301886793</td>\n",
       "      <td>0.7757861635220125</td>\n",
       "      <td>0.7924528301886793</td>\n",
       "      <td>0.7787576305096521</td>\n",
       "      <td>0.654825340438129</td>\n",
       "      <td>0.9213407888407888</td>\n",
       "    </tr>\n",
       "    <tr>\n",
       "      <th>1</th>\n",
       "      <td>SVC</td>\n",
       "      <td>0.9056603773584906</td>\n",
       "      <td>0.9054153393776035</td>\n",
       "      <td>0.9056603773584906</td>\n",
       "      <td>0.9041201386214863</td>\n",
       "      <td>0.8453006421482778</td>\n",
       "      <td>0.949944684944685</td>\n",
       "    </tr>\n",
       "    <tr>\n",
       "      <th>2</th>\n",
       "      <td>LR</td>\n",
       "      <td>0.9056603773584906</td>\n",
       "      <td>0.9054153393776035</td>\n",
       "      <td>0.9056603773584906</td>\n",
       "      <td>0.9041201386214863</td>\n",
       "      <td>0.8453006421482778</td>\n",
       "      <td>0.9541534391534392</td>\n",
       "    </tr>\n",
       "    <tr>\n",
       "      <th>3</th>\n",
       "      <td>KNN</td>\n",
       "      <td>0.8679245283018868</td>\n",
       "      <td>0.859538784067086</td>\n",
       "      <td>0.8679245283018868</td>\n",
       "      <td>0.861289653742484</td>\n",
       "      <td>0.7799525504151839</td>\n",
       "      <td>0.9452525252525251</td>\n",
       "    </tr>\n",
       "  </tbody>\n",
       "</table>\n",
       "</div>"
      ],
      "text/plain": [
       "  Model            Accuracy           Precision              Recall  \\\n",
       "1   SVC  0.9056603773584906   0.910377358490566  0.9056603773584906   \n",
       "2    LR  0.8867924528301887  0.8767590080141351  0.8867924528301887   \n",
       "3   KNN  0.9811320754716981  0.9832285115303984  0.9811320754716981   \n",
       "1   SVC  0.8867924528301887  0.8941755537325676  0.8867924528301887   \n",
       "2    LR  0.9245283018867925  0.9326370921941062  0.9245283018867925   \n",
       "3   KNN  0.8301886792452831  0.8827838827838828  0.8301886792452831   \n",
       "1   SVC  0.8679245283018868  0.8616352201257863  0.8679245283018868   \n",
       "2    LR  0.8867924528301887  0.9056603773584906  0.8867924528301887   \n",
       "3   KNN  0.7924528301886793  0.7757861635220125  0.7924528301886793   \n",
       "1   SVC  0.9056603773584906  0.9054153393776035  0.9056603773584906   \n",
       "2    LR  0.9056603773584906  0.9054153393776035  0.9056603773584906   \n",
       "3   KNN  0.8679245283018868   0.859538784067086  0.8679245283018868   \n",
       "\n",
       "             F1 Score         Cohen Kappa                 AUC  \n",
       "1  0.9074724229314368  0.8474381116868164   0.986957671957672  \n",
       "2  0.8704540174999355  0.8092381523695261  0.9898148148148148  \n",
       "3  0.9814944845862873  0.9694876223373633  0.9990608465608467  \n",
       "1  0.8869604996592384  0.8167146974063401  0.9781746031746031  \n",
       "2  0.9141092154281634  0.8728254349130173  0.9884126984126983  \n",
       "3   0.843375906192289  0.7364640883977901  0.9678499278499278  \n",
       "1  0.8524871355060034    0.77811004784689  0.9495262145262146  \n",
       "2  0.8705927196493235   0.808433734939759  0.9860582010582011  \n",
       "3  0.7787576305096521   0.654825340438129  0.9213407888407888  \n",
       "1  0.9041201386214863  0.8453006421482778   0.949944684944685  \n",
       "2  0.9041201386214863  0.8453006421482778  0.9541534391534392  \n",
       "3   0.861289653742484  0.7799525504151839  0.9452525252525251  "
      ]
     },
     "execution_count": 8,
     "metadata": {},
     "output_type": "execute_result"
    }
   ],
   "source": [
    "df"
   ]
  },
  {
   "cell_type": "code",
   "execution_count": 9,
   "id": "1e774346-9650-41cb-bacb-b8e4dc1f9499",
   "metadata": {},
   "outputs": [],
   "source": [
    "df = df.sort_values('Model')"
   ]
  },
  {
   "cell_type": "code",
   "execution_count": 10,
   "id": "b748ed33-684f-41fc-aefc-ffb8cfc3fe9f",
   "metadata": {},
   "outputs": [
    {
     "data": {
      "text/html": [
       "<div>\n",
       "<style scoped>\n",
       "    .dataframe tbody tr th:only-of-type {\n",
       "        vertical-align: middle;\n",
       "    }\n",
       "\n",
       "    .dataframe tbody tr th {\n",
       "        vertical-align: top;\n",
       "    }\n",
       "\n",
       "    .dataframe thead th {\n",
       "        text-align: right;\n",
       "    }\n",
       "</style>\n",
       "<table border=\"1\" class=\"dataframe\">\n",
       "  <thead>\n",
       "    <tr style=\"text-align: right;\">\n",
       "      <th></th>\n",
       "      <th>Model</th>\n",
       "      <th>Accuracy</th>\n",
       "      <th>Precision</th>\n",
       "      <th>Recall</th>\n",
       "      <th>F1 Score</th>\n",
       "      <th>Cohen Kappa</th>\n",
       "      <th>AUC</th>\n",
       "    </tr>\n",
       "  </thead>\n",
       "  <tbody>\n",
       "    <tr>\n",
       "      <th>3</th>\n",
       "      <td>KNN</td>\n",
       "      <td>0.9811320754716981</td>\n",
       "      <td>0.9832285115303984</td>\n",
       "      <td>0.9811320754716981</td>\n",
       "      <td>0.9814944845862873</td>\n",
       "      <td>0.9694876223373633</td>\n",
       "      <td>0.9990608465608467</td>\n",
       "    </tr>\n",
       "    <tr>\n",
       "      <th>3</th>\n",
       "      <td>KNN</td>\n",
       "      <td>0.8301886792452831</td>\n",
       "      <td>0.8827838827838828</td>\n",
       "      <td>0.8301886792452831</td>\n",
       "      <td>0.843375906192289</td>\n",
       "      <td>0.7364640883977901</td>\n",
       "      <td>0.9678499278499278</td>\n",
       "    </tr>\n",
       "    <tr>\n",
       "      <th>3</th>\n",
       "      <td>KNN</td>\n",
       "      <td>0.7924528301886793</td>\n",
       "      <td>0.7757861635220125</td>\n",
       "      <td>0.7924528301886793</td>\n",
       "      <td>0.7787576305096521</td>\n",
       "      <td>0.654825340438129</td>\n",
       "      <td>0.9213407888407888</td>\n",
       "    </tr>\n",
       "    <tr>\n",
       "      <th>3</th>\n",
       "      <td>KNN</td>\n",
       "      <td>0.8679245283018868</td>\n",
       "      <td>0.859538784067086</td>\n",
       "      <td>0.8679245283018868</td>\n",
       "      <td>0.861289653742484</td>\n",
       "      <td>0.7799525504151839</td>\n",
       "      <td>0.9452525252525251</td>\n",
       "    </tr>\n",
       "    <tr>\n",
       "      <th>2</th>\n",
       "      <td>LR</td>\n",
       "      <td>0.8867924528301887</td>\n",
       "      <td>0.8767590080141351</td>\n",
       "      <td>0.8867924528301887</td>\n",
       "      <td>0.8704540174999355</td>\n",
       "      <td>0.8092381523695261</td>\n",
       "      <td>0.9898148148148148</td>\n",
       "    </tr>\n",
       "    <tr>\n",
       "      <th>2</th>\n",
       "      <td>LR</td>\n",
       "      <td>0.9245283018867925</td>\n",
       "      <td>0.9326370921941062</td>\n",
       "      <td>0.9245283018867925</td>\n",
       "      <td>0.9141092154281634</td>\n",
       "      <td>0.8728254349130173</td>\n",
       "      <td>0.9884126984126983</td>\n",
       "    </tr>\n",
       "    <tr>\n",
       "      <th>2</th>\n",
       "      <td>LR</td>\n",
       "      <td>0.8867924528301887</td>\n",
       "      <td>0.9056603773584906</td>\n",
       "      <td>0.8867924528301887</td>\n",
       "      <td>0.8705927196493235</td>\n",
       "      <td>0.808433734939759</td>\n",
       "      <td>0.9860582010582011</td>\n",
       "    </tr>\n",
       "    <tr>\n",
       "      <th>2</th>\n",
       "      <td>LR</td>\n",
       "      <td>0.9056603773584906</td>\n",
       "      <td>0.9054153393776035</td>\n",
       "      <td>0.9056603773584906</td>\n",
       "      <td>0.9041201386214863</td>\n",
       "      <td>0.8453006421482778</td>\n",
       "      <td>0.9541534391534392</td>\n",
       "    </tr>\n",
       "    <tr>\n",
       "      <th>1</th>\n",
       "      <td>SVC</td>\n",
       "      <td>0.9056603773584906</td>\n",
       "      <td>0.910377358490566</td>\n",
       "      <td>0.9056603773584906</td>\n",
       "      <td>0.9074724229314368</td>\n",
       "      <td>0.8474381116868164</td>\n",
       "      <td>0.986957671957672</td>\n",
       "    </tr>\n",
       "    <tr>\n",
       "      <th>1</th>\n",
       "      <td>SVC</td>\n",
       "      <td>0.8867924528301887</td>\n",
       "      <td>0.8941755537325676</td>\n",
       "      <td>0.8867924528301887</td>\n",
       "      <td>0.8869604996592384</td>\n",
       "      <td>0.8167146974063401</td>\n",
       "      <td>0.9781746031746031</td>\n",
       "    </tr>\n",
       "    <tr>\n",
       "      <th>1</th>\n",
       "      <td>SVC</td>\n",
       "      <td>0.8679245283018868</td>\n",
       "      <td>0.8616352201257863</td>\n",
       "      <td>0.8679245283018868</td>\n",
       "      <td>0.8524871355060034</td>\n",
       "      <td>0.77811004784689</td>\n",
       "      <td>0.9495262145262146</td>\n",
       "    </tr>\n",
       "    <tr>\n",
       "      <th>1</th>\n",
       "      <td>SVC</td>\n",
       "      <td>0.9056603773584906</td>\n",
       "      <td>0.9054153393776035</td>\n",
       "      <td>0.9056603773584906</td>\n",
       "      <td>0.9041201386214863</td>\n",
       "      <td>0.8453006421482778</td>\n",
       "      <td>0.949944684944685</td>\n",
       "    </tr>\n",
       "  </tbody>\n",
       "</table>\n",
       "</div>"
      ],
      "text/plain": [
       "  Model            Accuracy           Precision              Recall  \\\n",
       "3   KNN  0.9811320754716981  0.9832285115303984  0.9811320754716981   \n",
       "3   KNN  0.8301886792452831  0.8827838827838828  0.8301886792452831   \n",
       "3   KNN  0.7924528301886793  0.7757861635220125  0.7924528301886793   \n",
       "3   KNN  0.8679245283018868   0.859538784067086  0.8679245283018868   \n",
       "2    LR  0.8867924528301887  0.8767590080141351  0.8867924528301887   \n",
       "2    LR  0.9245283018867925  0.9326370921941062  0.9245283018867925   \n",
       "2    LR  0.8867924528301887  0.9056603773584906  0.8867924528301887   \n",
       "2    LR  0.9056603773584906  0.9054153393776035  0.9056603773584906   \n",
       "1   SVC  0.9056603773584906   0.910377358490566  0.9056603773584906   \n",
       "1   SVC  0.8867924528301887  0.8941755537325676  0.8867924528301887   \n",
       "1   SVC  0.8679245283018868  0.8616352201257863  0.8679245283018868   \n",
       "1   SVC  0.9056603773584906  0.9054153393776035  0.9056603773584906   \n",
       "\n",
       "             F1 Score         Cohen Kappa                 AUC  \n",
       "3  0.9814944845862873  0.9694876223373633  0.9990608465608467  \n",
       "3   0.843375906192289  0.7364640883977901  0.9678499278499278  \n",
       "3  0.7787576305096521   0.654825340438129  0.9213407888407888  \n",
       "3   0.861289653742484  0.7799525504151839  0.9452525252525251  \n",
       "2  0.8704540174999355  0.8092381523695261  0.9898148148148148  \n",
       "2  0.9141092154281634  0.8728254349130173  0.9884126984126983  \n",
       "2  0.8705927196493235   0.808433734939759  0.9860582010582011  \n",
       "2  0.9041201386214863  0.8453006421482778  0.9541534391534392  \n",
       "1  0.9074724229314368  0.8474381116868164   0.986957671957672  \n",
       "1  0.8869604996592384  0.8167146974063401  0.9781746031746031  \n",
       "1  0.8524871355060034    0.77811004784689  0.9495262145262146  \n",
       "1  0.9041201386214863  0.8453006421482778   0.949944684944685  "
      ]
     },
     "execution_count": 10,
     "metadata": {},
     "output_type": "execute_result"
    }
   ],
   "source": [
    "df"
   ]
  },
  {
   "cell_type": "code",
   "execution_count": 11,
   "id": "4863d2b9-0988-4f6d-acd0-5af4e47a4911",
   "metadata": {},
   "outputs": [],
   "source": [
    "df.to_csv('Combined accuracy without YJ/Without Yeo Johnson 80-20 Applying SFS.csv', index=False)"
   ]
  },
  {
   "cell_type": "code",
   "execution_count": null,
   "id": "2dd815a3-d2e1-4269-8c86-c20afbf53650",
   "metadata": {},
   "outputs": [],
   "source": []
  }
 ],
 "metadata": {
  "kernelspec": {
   "display_name": "Python 3 (ipykernel)",
   "language": "python",
   "name": "python3"
  },
  "language_info": {
   "codemirror_mode": {
    "name": "ipython",
    "version": 3
   },
   "file_extension": ".py",
   "mimetype": "text/x-python",
   "name": "python",
   "nbconvert_exporter": "python",
   "pygments_lexer": "ipython3",
   "version": "3.9.12"
  }
 },
 "nbformat": 4,
 "nbformat_minor": 5
}
