{
 "cells": [
  {
   "cell_type": "code",
   "execution_count": 1,
   "id": "42e8a043-34dc-43cf-b822-b36cf4b2d12a",
   "metadata": {},
   "outputs": [],
   "source": [
    "import pandas as pd"
   ]
  },
  {
   "cell_type": "code",
   "execution_count": 2,
   "id": "f3d0c1a4-9fed-4528-99d0-b103fe69bcb3",
   "metadata": {},
   "outputs": [],
   "source": [
    "df1 = pd.read_csv('Without Yeo Johnson 70-30 Applying Hyperparameter SFS Top 4 features.csv')\n",
    "df2 = pd.read_csv('Without Yeo Johnson 70-30 Applying Hyperparameter SFS Top 5 features.csv')\n",
    "df3 = pd.read_csv('Without Yeo Johnson 70-30 Applying Hyperparameter SFS Top 7 features.csv')\n",
    "df4 = pd.read_csv('Without Yeo Johnson 70-30 Applying Hyperparameter SFS Top 9 features.csv')"
   ]
  },
  {
   "cell_type": "code",
   "execution_count": 3,
   "id": "96dfaa5c-349a-4a1b-8b9a-fbab5c65ec5c",
   "metadata": {},
   "outputs": [
    {
     "data": {
      "text/html": [
       "<div>\n",
       "<style scoped>\n",
       "    .dataframe tbody tr th:only-of-type {\n",
       "        vertical-align: middle;\n",
       "    }\n",
       "\n",
       "    .dataframe tbody tr th {\n",
       "        vertical-align: top;\n",
       "    }\n",
       "\n",
       "    .dataframe thead th {\n",
       "        text-align: right;\n",
       "    }\n",
       "</style>\n",
       "<table border=\"1\" class=\"dataframe\">\n",
       "  <thead>\n",
       "    <tr style=\"text-align: right;\">\n",
       "      <th></th>\n",
       "      <th>Unnamed: 0</th>\n",
       "      <th>0</th>\n",
       "      <th>1</th>\n",
       "      <th>2</th>\n",
       "      <th>3</th>\n",
       "      <th>4</th>\n",
       "      <th>5</th>\n",
       "    </tr>\n",
       "  </thead>\n",
       "  <tbody>\n",
       "    <tr>\n",
       "      <th>0</th>\n",
       "      <td>Metrics</td>\n",
       "      <td>Accuracy</td>\n",
       "      <td>Precision</td>\n",
       "      <td>Recall</td>\n",
       "      <td>F1 Score</td>\n",
       "      <td>Cohen Kappa</td>\n",
       "      <td>AUC</td>\n",
       "    </tr>\n",
       "    <tr>\n",
       "      <th>1</th>\n",
       "      <td>SVC</td>\n",
       "      <td>0.9236842105263158</td>\n",
       "      <td>0.9762820512820513</td>\n",
       "      <td>0.975</td>\n",
       "      <td>0.9740789473684209</td>\n",
       "      <td>0.9582681272822118</td>\n",
       "      <td>0.9947828577540566</td>\n",
       "    </tr>\n",
       "    <tr>\n",
       "      <th>2</th>\n",
       "      <td>LR</td>\n",
       "      <td>0.884795321637427</td>\n",
       "      <td>0.9515625</td>\n",
       "      <td>0.95</td>\n",
       "      <td>0.9494344365312107</td>\n",
       "      <td>0.9168831168831169</td>\n",
       "      <td>0.98015133747447</td>\n",
       "    </tr>\n",
       "    <tr>\n",
       "      <th>3</th>\n",
       "      <td>KNN</td>\n",
       "      <td>0.8690058479532163</td>\n",
       "      <td>0.8990129662004662</td>\n",
       "      <td>0.9</td>\n",
       "      <td>0.8965334008097166</td>\n",
       "      <td>0.8321531602412798</td>\n",
       "      <td>0.9747935087154785</td>\n",
       "    </tr>\n",
       "  </tbody>\n",
       "</table>\n",
       "</div>"
      ],
      "text/plain": [
       "  Unnamed: 0                   0                   1       2  \\\n",
       "0    Metrics            Accuracy           Precision  Recall   \n",
       "1        SVC  0.9236842105263158  0.9762820512820513   0.975   \n",
       "2         LR   0.884795321637427           0.9515625    0.95   \n",
       "3        KNN  0.8690058479532163  0.8990129662004662     0.9   \n",
       "\n",
       "                    3                   4                   5  \n",
       "0            F1 Score         Cohen Kappa                 AUC  \n",
       "1  0.9740789473684209  0.9582681272822118  0.9947828577540566  \n",
       "2  0.9494344365312107  0.9168831168831169    0.98015133747447  \n",
       "3  0.8965334008097166  0.8321531602412798  0.9747935087154785  "
      ]
     },
     "execution_count": 3,
     "metadata": {},
     "output_type": "execute_result"
    }
   ],
   "source": [
    "df4"
   ]
  },
  {
   "cell_type": "code",
   "execution_count": 4,
   "id": "24110537-6381-4188-bbf7-bf76a13c00ac",
   "metadata": {},
   "outputs": [
    {
     "data": {
      "text/html": [
       "<div>\n",
       "<style scoped>\n",
       "    .dataframe tbody tr th:only-of-type {\n",
       "        vertical-align: middle;\n",
       "    }\n",
       "\n",
       "    .dataframe tbody tr th {\n",
       "        vertical-align: top;\n",
       "    }\n",
       "\n",
       "    .dataframe thead th {\n",
       "        text-align: right;\n",
       "    }\n",
       "</style>\n",
       "<table border=\"1\" class=\"dataframe\">\n",
       "  <thead>\n",
       "    <tr style=\"text-align: right;\">\n",
       "      <th></th>\n",
       "      <th>Unnamed: 0</th>\n",
       "      <th>0</th>\n",
       "      <th>1</th>\n",
       "      <th>2</th>\n",
       "      <th>3</th>\n",
       "      <th>4</th>\n",
       "      <th>5</th>\n",
       "    </tr>\n",
       "  </thead>\n",
       "  <tbody>\n",
       "    <tr>\n",
       "      <th>1</th>\n",
       "      <td>SVC</td>\n",
       "      <td>0.9342105263157896</td>\n",
       "      <td>0.951923076923077</td>\n",
       "      <td>0.95</td>\n",
       "      <td>0.9494078947368422</td>\n",
       "      <td>0.9165362545644236</td>\n",
       "      <td>0.995863216244441</td>\n",
       "    </tr>\n",
       "    <tr>\n",
       "      <th>2</th>\n",
       "      <td>LR</td>\n",
       "      <td>0.8736842105263157</td>\n",
       "      <td>0.9449404761904763</td>\n",
       "      <td>0.9375</td>\n",
       "      <td>0.9338230861965038</td>\n",
       "      <td>0.894095843261848</td>\n",
       "      <td>0.9918984340689504</td>\n",
       "    </tr>\n",
       "    <tr>\n",
       "      <th>3</th>\n",
       "      <td>KNN</td>\n",
       "      <td>0.867543859649123</td>\n",
       "      <td>0.9377698511166253</td>\n",
       "      <td>0.9375</td>\n",
       "      <td>0.9369674185463659</td>\n",
       "      <td>0.8962386511024644</td>\n",
       "      <td>0.9868903680400457</td>\n",
       "    </tr>\n",
       "  </tbody>\n",
       "</table>\n",
       "</div>"
      ],
      "text/plain": [
       "  Unnamed: 0                   0                   1       2  \\\n",
       "1        SVC  0.9342105263157896   0.951923076923077    0.95   \n",
       "2         LR  0.8736842105263157  0.9449404761904763  0.9375   \n",
       "3        KNN   0.867543859649123  0.9377698511166253  0.9375   \n",
       "\n",
       "                    3                   4                   5  \n",
       "1  0.9494078947368422  0.9165362545644236   0.995863216244441  \n",
       "2  0.9338230861965038   0.894095843261848  0.9918984340689504  \n",
       "3  0.9369674185463659  0.8962386511024644  0.9868903680400457  "
      ]
     },
     "execution_count": 4,
     "metadata": {},
     "output_type": "execute_result"
    }
   ],
   "source": [
    "df2 = df2.drop(0, axis=0)\n",
    "df3 = df3.drop(0, axis=0)\n",
    "df4 = df4.drop(0, axis=0)\n",
    "df2"
   ]
  },
  {
   "cell_type": "code",
   "execution_count": 5,
   "id": "18e576c3-2e93-4c37-b3bd-594bbd25fb88",
   "metadata": {},
   "outputs": [
    {
     "data": {
      "text/html": [
       "<div>\n",
       "<style scoped>\n",
       "    .dataframe tbody tr th:only-of-type {\n",
       "        vertical-align: middle;\n",
       "    }\n",
       "\n",
       "    .dataframe tbody tr th {\n",
       "        vertical-align: top;\n",
       "    }\n",
       "\n",
       "    .dataframe thead th {\n",
       "        text-align: right;\n",
       "    }\n",
       "</style>\n",
       "<table border=\"1\" class=\"dataframe\">\n",
       "  <thead>\n",
       "    <tr style=\"text-align: right;\">\n",
       "      <th></th>\n",
       "      <th>Unnamed: 0</th>\n",
       "      <th>0</th>\n",
       "      <th>1</th>\n",
       "      <th>2</th>\n",
       "      <th>3</th>\n",
       "      <th>4</th>\n",
       "      <th>5</th>\n",
       "    </tr>\n",
       "  </thead>\n",
       "  <tbody>\n",
       "    <tr>\n",
       "      <th>0</th>\n",
       "      <td>Metrics</td>\n",
       "      <td>Accuracy</td>\n",
       "      <td>Precision</td>\n",
       "      <td>Recall</td>\n",
       "      <td>F1 Score</td>\n",
       "      <td>Cohen Kappa</td>\n",
       "      <td>AUC</td>\n",
       "    </tr>\n",
       "    <tr>\n",
       "      <th>1</th>\n",
       "      <td>SVC</td>\n",
       "      <td>0.9342105263157896</td>\n",
       "      <td>0.951923076923077</td>\n",
       "      <td>0.95</td>\n",
       "      <td>0.9494078947368422</td>\n",
       "      <td>0.9165362545644236</td>\n",
       "      <td>0.995863216244441</td>\n",
       "    </tr>\n",
       "    <tr>\n",
       "      <th>2</th>\n",
       "      <td>LR</td>\n",
       "      <td>0.8736842105263157</td>\n",
       "      <td>0.9449404761904763</td>\n",
       "      <td>0.9375</td>\n",
       "      <td>0.9338230861965038</td>\n",
       "      <td>0.894095843261848</td>\n",
       "      <td>0.9918984340689504</td>\n",
       "    </tr>\n",
       "    <tr>\n",
       "      <th>3</th>\n",
       "      <td>KNN</td>\n",
       "      <td>0.867543859649123</td>\n",
       "      <td>0.9377698511166253</td>\n",
       "      <td>0.9375</td>\n",
       "      <td>0.9369674185463659</td>\n",
       "      <td>0.8962386511024644</td>\n",
       "      <td>0.9868903680400457</td>\n",
       "    </tr>\n",
       "    <tr>\n",
       "      <th>1</th>\n",
       "      <td>SVC</td>\n",
       "      <td>0.9342105263157896</td>\n",
       "      <td>0.951923076923077</td>\n",
       "      <td>0.95</td>\n",
       "      <td>0.9494078947368422</td>\n",
       "      <td>0.9165362545644236</td>\n",
       "      <td>0.995863216244441</td>\n",
       "    </tr>\n",
       "    <tr>\n",
       "      <th>2</th>\n",
       "      <td>LR</td>\n",
       "      <td>0.8736842105263157</td>\n",
       "      <td>0.9449404761904763</td>\n",
       "      <td>0.9375</td>\n",
       "      <td>0.9338230861965038</td>\n",
       "      <td>0.894095843261848</td>\n",
       "      <td>0.9918984340689504</td>\n",
       "    </tr>\n",
       "    <tr>\n",
       "      <th>3</th>\n",
       "      <td>KNN</td>\n",
       "      <td>0.867543859649123</td>\n",
       "      <td>0.9377698511166253</td>\n",
       "      <td>0.9375</td>\n",
       "      <td>0.9369674185463659</td>\n",
       "      <td>0.8962386511024644</td>\n",
       "      <td>0.9868903680400457</td>\n",
       "    </tr>\n",
       "    <tr>\n",
       "      <th>1</th>\n",
       "      <td>SVC</td>\n",
       "      <td>0.923391812865497</td>\n",
       "      <td>0.9878289473684211</td>\n",
       "      <td>0.9875</td>\n",
       "      <td>0.9872857142857143</td>\n",
       "      <td>0.9792746113989638</td>\n",
       "      <td>0.9989247880840556</td>\n",
       "    </tr>\n",
       "    <tr>\n",
       "      <th>2</th>\n",
       "      <td>LR</td>\n",
       "      <td>0.8631578947368421</td>\n",
       "      <td>0.9354651162790697</td>\n",
       "      <td>0.925</td>\n",
       "      <td>0.9185221171802052</td>\n",
       "      <td>0.8720341242335377</td>\n",
       "      <td>0.995194814997804</td>\n",
       "    </tr>\n",
       "    <tr>\n",
       "      <th>3</th>\n",
       "      <td>KNN</td>\n",
       "      <td>0.8245614035087719</td>\n",
       "      <td>0.9102351916376307</td>\n",
       "      <td>0.9125</td>\n",
       "      <td>0.9054487179487178</td>\n",
       "      <td>0.85193019566367</td>\n",
       "      <td>0.9634963826342428</td>\n",
       "    </tr>\n",
       "    <tr>\n",
       "      <th>1</th>\n",
       "      <td>SVC</td>\n",
       "      <td>0.9236842105263158</td>\n",
       "      <td>0.9762820512820513</td>\n",
       "      <td>0.975</td>\n",
       "      <td>0.9740789473684209</td>\n",
       "      <td>0.9582681272822118</td>\n",
       "      <td>0.9947828577540566</td>\n",
       "    </tr>\n",
       "    <tr>\n",
       "      <th>2</th>\n",
       "      <td>LR</td>\n",
       "      <td>0.884795321637427</td>\n",
       "      <td>0.9515625</td>\n",
       "      <td>0.95</td>\n",
       "      <td>0.9494344365312107</td>\n",
       "      <td>0.9168831168831169</td>\n",
       "      <td>0.98015133747447</td>\n",
       "    </tr>\n",
       "    <tr>\n",
       "      <th>3</th>\n",
       "      <td>KNN</td>\n",
       "      <td>0.8690058479532163</td>\n",
       "      <td>0.8990129662004662</td>\n",
       "      <td>0.9</td>\n",
       "      <td>0.8965334008097166</td>\n",
       "      <td>0.8321531602412798</td>\n",
       "      <td>0.9747935087154785</td>\n",
       "    </tr>\n",
       "  </tbody>\n",
       "</table>\n",
       "</div>"
      ],
      "text/plain": [
       "  Unnamed: 0                   0                   1       2  \\\n",
       "0    Metrics            Accuracy           Precision  Recall   \n",
       "1        SVC  0.9342105263157896   0.951923076923077    0.95   \n",
       "2         LR  0.8736842105263157  0.9449404761904763  0.9375   \n",
       "3        KNN   0.867543859649123  0.9377698511166253  0.9375   \n",
       "1        SVC  0.9342105263157896   0.951923076923077    0.95   \n",
       "2         LR  0.8736842105263157  0.9449404761904763  0.9375   \n",
       "3        KNN   0.867543859649123  0.9377698511166253  0.9375   \n",
       "1        SVC   0.923391812865497  0.9878289473684211  0.9875   \n",
       "2         LR  0.8631578947368421  0.9354651162790697   0.925   \n",
       "3        KNN  0.8245614035087719  0.9102351916376307  0.9125   \n",
       "1        SVC  0.9236842105263158  0.9762820512820513   0.975   \n",
       "2         LR   0.884795321637427           0.9515625    0.95   \n",
       "3        KNN  0.8690058479532163  0.8990129662004662     0.9   \n",
       "\n",
       "                    3                   4                   5  \n",
       "0            F1 Score         Cohen Kappa                 AUC  \n",
       "1  0.9494078947368422  0.9165362545644236   0.995863216244441  \n",
       "2  0.9338230861965038   0.894095843261848  0.9918984340689504  \n",
       "3  0.9369674185463659  0.8962386511024644  0.9868903680400457  \n",
       "1  0.9494078947368422  0.9165362545644236   0.995863216244441  \n",
       "2  0.9338230861965038   0.894095843261848  0.9918984340689504  \n",
       "3  0.9369674185463659  0.8962386511024644  0.9868903680400457  \n",
       "1  0.9872857142857143  0.9792746113989638  0.9989247880840556  \n",
       "2  0.9185221171802052  0.8720341242335377   0.995194814997804  \n",
       "3  0.9054487179487178    0.85193019566367  0.9634963826342428  \n",
       "1  0.9740789473684209  0.9582681272822118  0.9947828577540566  \n",
       "2  0.9494344365312107  0.9168831168831169    0.98015133747447  \n",
       "3  0.8965334008097166  0.8321531602412798  0.9747935087154785  "
      ]
     },
     "execution_count": 5,
     "metadata": {},
     "output_type": "execute_result"
    }
   ],
   "source": [
    "df = pd.concat([df1, df2, df3, df4])\n",
    "df"
   ]
  },
  {
   "cell_type": "code",
   "execution_count": 6,
   "id": "072fabbe-9403-4676-8047-37aa29f78fd6",
   "metadata": {},
   "outputs": [],
   "source": [
    "df = df.drop(0, axis=0)"
   ]
  },
  {
   "cell_type": "code",
   "execution_count": 7,
   "id": "35a1b3e6-1e61-4154-bad9-f3e521383935",
   "metadata": {},
   "outputs": [],
   "source": [
    "df.rename(columns={'Unnamed: 0': 'Model', '0': 'Accuracy', '1': 'Precision', '2': 'Recall', '3': 'F1 Score', '4': 'Cohen Kappa', '5': 'AUC'}, inplace=True)"
   ]
  },
  {
   "cell_type": "code",
   "execution_count": 8,
   "id": "90b855a1-f700-41af-af22-b960335932f0",
   "metadata": {},
   "outputs": [
    {
     "data": {
      "text/html": [
       "<div>\n",
       "<style scoped>\n",
       "    .dataframe tbody tr th:only-of-type {\n",
       "        vertical-align: middle;\n",
       "    }\n",
       "\n",
       "    .dataframe tbody tr th {\n",
       "        vertical-align: top;\n",
       "    }\n",
       "\n",
       "    .dataframe thead th {\n",
       "        text-align: right;\n",
       "    }\n",
       "</style>\n",
       "<table border=\"1\" class=\"dataframe\">\n",
       "  <thead>\n",
       "    <tr style=\"text-align: right;\">\n",
       "      <th></th>\n",
       "      <th>Model</th>\n",
       "      <th>Accuracy</th>\n",
       "      <th>Precision</th>\n",
       "      <th>Recall</th>\n",
       "      <th>F1 Score</th>\n",
       "      <th>Cohen Kappa</th>\n",
       "      <th>AUC</th>\n",
       "    </tr>\n",
       "  </thead>\n",
       "  <tbody>\n",
       "    <tr>\n",
       "      <th>1</th>\n",
       "      <td>SVC</td>\n",
       "      <td>0.9342105263157896</td>\n",
       "      <td>0.951923076923077</td>\n",
       "      <td>0.95</td>\n",
       "      <td>0.9494078947368422</td>\n",
       "      <td>0.9165362545644236</td>\n",
       "      <td>0.995863216244441</td>\n",
       "    </tr>\n",
       "    <tr>\n",
       "      <th>2</th>\n",
       "      <td>LR</td>\n",
       "      <td>0.8736842105263157</td>\n",
       "      <td>0.9449404761904763</td>\n",
       "      <td>0.9375</td>\n",
       "      <td>0.9338230861965038</td>\n",
       "      <td>0.894095843261848</td>\n",
       "      <td>0.9918984340689504</td>\n",
       "    </tr>\n",
       "    <tr>\n",
       "      <th>3</th>\n",
       "      <td>KNN</td>\n",
       "      <td>0.867543859649123</td>\n",
       "      <td>0.9377698511166253</td>\n",
       "      <td>0.9375</td>\n",
       "      <td>0.9369674185463659</td>\n",
       "      <td>0.8962386511024644</td>\n",
       "      <td>0.9868903680400457</td>\n",
       "    </tr>\n",
       "    <tr>\n",
       "      <th>1</th>\n",
       "      <td>SVC</td>\n",
       "      <td>0.9342105263157896</td>\n",
       "      <td>0.951923076923077</td>\n",
       "      <td>0.95</td>\n",
       "      <td>0.9494078947368422</td>\n",
       "      <td>0.9165362545644236</td>\n",
       "      <td>0.995863216244441</td>\n",
       "    </tr>\n",
       "    <tr>\n",
       "      <th>2</th>\n",
       "      <td>LR</td>\n",
       "      <td>0.8736842105263157</td>\n",
       "      <td>0.9449404761904763</td>\n",
       "      <td>0.9375</td>\n",
       "      <td>0.9338230861965038</td>\n",
       "      <td>0.894095843261848</td>\n",
       "      <td>0.9918984340689504</td>\n",
       "    </tr>\n",
       "    <tr>\n",
       "      <th>3</th>\n",
       "      <td>KNN</td>\n",
       "      <td>0.867543859649123</td>\n",
       "      <td>0.9377698511166253</td>\n",
       "      <td>0.9375</td>\n",
       "      <td>0.9369674185463659</td>\n",
       "      <td>0.8962386511024644</td>\n",
       "      <td>0.9868903680400457</td>\n",
       "    </tr>\n",
       "    <tr>\n",
       "      <th>1</th>\n",
       "      <td>SVC</td>\n",
       "      <td>0.923391812865497</td>\n",
       "      <td>0.9878289473684211</td>\n",
       "      <td>0.9875</td>\n",
       "      <td>0.9872857142857143</td>\n",
       "      <td>0.9792746113989638</td>\n",
       "      <td>0.9989247880840556</td>\n",
       "    </tr>\n",
       "    <tr>\n",
       "      <th>2</th>\n",
       "      <td>LR</td>\n",
       "      <td>0.8631578947368421</td>\n",
       "      <td>0.9354651162790697</td>\n",
       "      <td>0.925</td>\n",
       "      <td>0.9185221171802052</td>\n",
       "      <td>0.8720341242335377</td>\n",
       "      <td>0.995194814997804</td>\n",
       "    </tr>\n",
       "    <tr>\n",
       "      <th>3</th>\n",
       "      <td>KNN</td>\n",
       "      <td>0.8245614035087719</td>\n",
       "      <td>0.9102351916376307</td>\n",
       "      <td>0.9125</td>\n",
       "      <td>0.9054487179487178</td>\n",
       "      <td>0.85193019566367</td>\n",
       "      <td>0.9634963826342428</td>\n",
       "    </tr>\n",
       "    <tr>\n",
       "      <th>1</th>\n",
       "      <td>SVC</td>\n",
       "      <td>0.9236842105263158</td>\n",
       "      <td>0.9762820512820513</td>\n",
       "      <td>0.975</td>\n",
       "      <td>0.9740789473684209</td>\n",
       "      <td>0.9582681272822118</td>\n",
       "      <td>0.9947828577540566</td>\n",
       "    </tr>\n",
       "    <tr>\n",
       "      <th>2</th>\n",
       "      <td>LR</td>\n",
       "      <td>0.884795321637427</td>\n",
       "      <td>0.9515625</td>\n",
       "      <td>0.95</td>\n",
       "      <td>0.9494344365312107</td>\n",
       "      <td>0.9168831168831169</td>\n",
       "      <td>0.98015133747447</td>\n",
       "    </tr>\n",
       "    <tr>\n",
       "      <th>3</th>\n",
       "      <td>KNN</td>\n",
       "      <td>0.8690058479532163</td>\n",
       "      <td>0.8990129662004662</td>\n",
       "      <td>0.9</td>\n",
       "      <td>0.8965334008097166</td>\n",
       "      <td>0.8321531602412798</td>\n",
       "      <td>0.9747935087154785</td>\n",
       "    </tr>\n",
       "  </tbody>\n",
       "</table>\n",
       "</div>"
      ],
      "text/plain": [
       "  Model            Accuracy           Precision  Recall            F1 Score  \\\n",
       "1   SVC  0.9342105263157896   0.951923076923077    0.95  0.9494078947368422   \n",
       "2    LR  0.8736842105263157  0.9449404761904763  0.9375  0.9338230861965038   \n",
       "3   KNN   0.867543859649123  0.9377698511166253  0.9375  0.9369674185463659   \n",
       "1   SVC  0.9342105263157896   0.951923076923077    0.95  0.9494078947368422   \n",
       "2    LR  0.8736842105263157  0.9449404761904763  0.9375  0.9338230861965038   \n",
       "3   KNN   0.867543859649123  0.9377698511166253  0.9375  0.9369674185463659   \n",
       "1   SVC   0.923391812865497  0.9878289473684211  0.9875  0.9872857142857143   \n",
       "2    LR  0.8631578947368421  0.9354651162790697   0.925  0.9185221171802052   \n",
       "3   KNN  0.8245614035087719  0.9102351916376307  0.9125  0.9054487179487178   \n",
       "1   SVC  0.9236842105263158  0.9762820512820513   0.975  0.9740789473684209   \n",
       "2    LR   0.884795321637427           0.9515625    0.95  0.9494344365312107   \n",
       "3   KNN  0.8690058479532163  0.8990129662004662     0.9  0.8965334008097166   \n",
       "\n",
       "          Cohen Kappa                 AUC  \n",
       "1  0.9165362545644236   0.995863216244441  \n",
       "2   0.894095843261848  0.9918984340689504  \n",
       "3  0.8962386511024644  0.9868903680400457  \n",
       "1  0.9165362545644236   0.995863216244441  \n",
       "2   0.894095843261848  0.9918984340689504  \n",
       "3  0.8962386511024644  0.9868903680400457  \n",
       "1  0.9792746113989638  0.9989247880840556  \n",
       "2  0.8720341242335377   0.995194814997804  \n",
       "3    0.85193019566367  0.9634963826342428  \n",
       "1  0.9582681272822118  0.9947828577540566  \n",
       "2  0.9168831168831169    0.98015133747447  \n",
       "3  0.8321531602412798  0.9747935087154785  "
      ]
     },
     "execution_count": 8,
     "metadata": {},
     "output_type": "execute_result"
    }
   ],
   "source": [
    "df"
   ]
  },
  {
   "cell_type": "code",
   "execution_count": 9,
   "id": "1e774346-9650-41cb-bacb-b8e4dc1f9499",
   "metadata": {},
   "outputs": [],
   "source": [
    "df = df.sort_values('Model')"
   ]
  },
  {
   "cell_type": "code",
   "execution_count": 10,
   "id": "b748ed33-684f-41fc-aefc-ffb8cfc3fe9f",
   "metadata": {},
   "outputs": [
    {
     "data": {
      "text/html": [
       "<div>\n",
       "<style scoped>\n",
       "    .dataframe tbody tr th:only-of-type {\n",
       "        vertical-align: middle;\n",
       "    }\n",
       "\n",
       "    .dataframe tbody tr th {\n",
       "        vertical-align: top;\n",
       "    }\n",
       "\n",
       "    .dataframe thead th {\n",
       "        text-align: right;\n",
       "    }\n",
       "</style>\n",
       "<table border=\"1\" class=\"dataframe\">\n",
       "  <thead>\n",
       "    <tr style=\"text-align: right;\">\n",
       "      <th></th>\n",
       "      <th>Model</th>\n",
       "      <th>Accuracy</th>\n",
       "      <th>Precision</th>\n",
       "      <th>Recall</th>\n",
       "      <th>F1 Score</th>\n",
       "      <th>Cohen Kappa</th>\n",
       "      <th>AUC</th>\n",
       "    </tr>\n",
       "  </thead>\n",
       "  <tbody>\n",
       "    <tr>\n",
       "      <th>3</th>\n",
       "      <td>KNN</td>\n",
       "      <td>0.867543859649123</td>\n",
       "      <td>0.9377698511166253</td>\n",
       "      <td>0.9375</td>\n",
       "      <td>0.9369674185463659</td>\n",
       "      <td>0.8962386511024644</td>\n",
       "      <td>0.9868903680400457</td>\n",
       "    </tr>\n",
       "    <tr>\n",
       "      <th>3</th>\n",
       "      <td>KNN</td>\n",
       "      <td>0.867543859649123</td>\n",
       "      <td>0.9377698511166253</td>\n",
       "      <td>0.9375</td>\n",
       "      <td>0.9369674185463659</td>\n",
       "      <td>0.8962386511024644</td>\n",
       "      <td>0.9868903680400457</td>\n",
       "    </tr>\n",
       "    <tr>\n",
       "      <th>3</th>\n",
       "      <td>KNN</td>\n",
       "      <td>0.8245614035087719</td>\n",
       "      <td>0.9102351916376307</td>\n",
       "      <td>0.9125</td>\n",
       "      <td>0.9054487179487178</td>\n",
       "      <td>0.85193019566367</td>\n",
       "      <td>0.9634963826342428</td>\n",
       "    </tr>\n",
       "    <tr>\n",
       "      <th>3</th>\n",
       "      <td>KNN</td>\n",
       "      <td>0.8690058479532163</td>\n",
       "      <td>0.8990129662004662</td>\n",
       "      <td>0.9</td>\n",
       "      <td>0.8965334008097166</td>\n",
       "      <td>0.8321531602412798</td>\n",
       "      <td>0.9747935087154785</td>\n",
       "    </tr>\n",
       "    <tr>\n",
       "      <th>2</th>\n",
       "      <td>LR</td>\n",
       "      <td>0.8736842105263157</td>\n",
       "      <td>0.9449404761904763</td>\n",
       "      <td>0.9375</td>\n",
       "      <td>0.9338230861965038</td>\n",
       "      <td>0.894095843261848</td>\n",
       "      <td>0.9918984340689504</td>\n",
       "    </tr>\n",
       "    <tr>\n",
       "      <th>2</th>\n",
       "      <td>LR</td>\n",
       "      <td>0.8736842105263157</td>\n",
       "      <td>0.9449404761904763</td>\n",
       "      <td>0.9375</td>\n",
       "      <td>0.9338230861965038</td>\n",
       "      <td>0.894095843261848</td>\n",
       "      <td>0.9918984340689504</td>\n",
       "    </tr>\n",
       "    <tr>\n",
       "      <th>2</th>\n",
       "      <td>LR</td>\n",
       "      <td>0.8631578947368421</td>\n",
       "      <td>0.9354651162790697</td>\n",
       "      <td>0.925</td>\n",
       "      <td>0.9185221171802052</td>\n",
       "      <td>0.8720341242335377</td>\n",
       "      <td>0.995194814997804</td>\n",
       "    </tr>\n",
       "    <tr>\n",
       "      <th>2</th>\n",
       "      <td>LR</td>\n",
       "      <td>0.884795321637427</td>\n",
       "      <td>0.9515625</td>\n",
       "      <td>0.95</td>\n",
       "      <td>0.9494344365312107</td>\n",
       "      <td>0.9168831168831169</td>\n",
       "      <td>0.98015133747447</td>\n",
       "    </tr>\n",
       "    <tr>\n",
       "      <th>1</th>\n",
       "      <td>SVC</td>\n",
       "      <td>0.9342105263157896</td>\n",
       "      <td>0.951923076923077</td>\n",
       "      <td>0.95</td>\n",
       "      <td>0.9494078947368422</td>\n",
       "      <td>0.9165362545644236</td>\n",
       "      <td>0.995863216244441</td>\n",
       "    </tr>\n",
       "    <tr>\n",
       "      <th>1</th>\n",
       "      <td>SVC</td>\n",
       "      <td>0.9342105263157896</td>\n",
       "      <td>0.951923076923077</td>\n",
       "      <td>0.95</td>\n",
       "      <td>0.9494078947368422</td>\n",
       "      <td>0.9165362545644236</td>\n",
       "      <td>0.995863216244441</td>\n",
       "    </tr>\n",
       "    <tr>\n",
       "      <th>1</th>\n",
       "      <td>SVC</td>\n",
       "      <td>0.923391812865497</td>\n",
       "      <td>0.9878289473684211</td>\n",
       "      <td>0.9875</td>\n",
       "      <td>0.9872857142857143</td>\n",
       "      <td>0.9792746113989638</td>\n",
       "      <td>0.9989247880840556</td>\n",
       "    </tr>\n",
       "    <tr>\n",
       "      <th>1</th>\n",
       "      <td>SVC</td>\n",
       "      <td>0.9236842105263158</td>\n",
       "      <td>0.9762820512820513</td>\n",
       "      <td>0.975</td>\n",
       "      <td>0.9740789473684209</td>\n",
       "      <td>0.9582681272822118</td>\n",
       "      <td>0.9947828577540566</td>\n",
       "    </tr>\n",
       "  </tbody>\n",
       "</table>\n",
       "</div>"
      ],
      "text/plain": [
       "  Model            Accuracy           Precision  Recall            F1 Score  \\\n",
       "3   KNN   0.867543859649123  0.9377698511166253  0.9375  0.9369674185463659   \n",
       "3   KNN   0.867543859649123  0.9377698511166253  0.9375  0.9369674185463659   \n",
       "3   KNN  0.8245614035087719  0.9102351916376307  0.9125  0.9054487179487178   \n",
       "3   KNN  0.8690058479532163  0.8990129662004662     0.9  0.8965334008097166   \n",
       "2    LR  0.8736842105263157  0.9449404761904763  0.9375  0.9338230861965038   \n",
       "2    LR  0.8736842105263157  0.9449404761904763  0.9375  0.9338230861965038   \n",
       "2    LR  0.8631578947368421  0.9354651162790697   0.925  0.9185221171802052   \n",
       "2    LR   0.884795321637427           0.9515625    0.95  0.9494344365312107   \n",
       "1   SVC  0.9342105263157896   0.951923076923077    0.95  0.9494078947368422   \n",
       "1   SVC  0.9342105263157896   0.951923076923077    0.95  0.9494078947368422   \n",
       "1   SVC   0.923391812865497  0.9878289473684211  0.9875  0.9872857142857143   \n",
       "1   SVC  0.9236842105263158  0.9762820512820513   0.975  0.9740789473684209   \n",
       "\n",
       "          Cohen Kappa                 AUC  \n",
       "3  0.8962386511024644  0.9868903680400457  \n",
       "3  0.8962386511024644  0.9868903680400457  \n",
       "3    0.85193019566367  0.9634963826342428  \n",
       "3  0.8321531602412798  0.9747935087154785  \n",
       "2   0.894095843261848  0.9918984340689504  \n",
       "2   0.894095843261848  0.9918984340689504  \n",
       "2  0.8720341242335377   0.995194814997804  \n",
       "2  0.9168831168831169    0.98015133747447  \n",
       "1  0.9165362545644236   0.995863216244441  \n",
       "1  0.9165362545644236   0.995863216244441  \n",
       "1  0.9792746113989638  0.9989247880840556  \n",
       "1  0.9582681272822118  0.9947828577540566  "
      ]
     },
     "execution_count": 10,
     "metadata": {},
     "output_type": "execute_result"
    }
   ],
   "source": [
    "df"
   ]
  },
  {
   "cell_type": "code",
   "execution_count": 11,
   "id": "4863d2b9-0988-4f6d-acd0-5af4e47a4911",
   "metadata": {},
   "outputs": [],
   "source": [
    "df.to_csv('Combined accuracy without YJ/Without Yeo Johnson 70-30 Applying Hyperparameter SFS.csv', index=False)"
   ]
  },
  {
   "cell_type": "code",
   "execution_count": null,
   "id": "2dd815a3-d2e1-4269-8c86-c20afbf53650",
   "metadata": {},
   "outputs": [],
   "source": []
  }
 ],
 "metadata": {
  "kernelspec": {
   "display_name": "Python 3 (ipykernel)",
   "language": "python",
   "name": "python3"
  },
  "language_info": {
   "codemirror_mode": {
    "name": "ipython",
    "version": 3
   },
   "file_extension": ".py",
   "mimetype": "text/x-python",
   "name": "python",
   "nbconvert_exporter": "python",
   "pygments_lexer": "ipython3",
   "version": "3.9.12"
  }
 },
 "nbformat": 4,
 "nbformat_minor": 5
}
