{
 "cells": [
  {
   "cell_type": "code",
   "execution_count": 1,
   "id": "42e8a043-34dc-43cf-b822-b36cf4b2d12a",
   "metadata": {},
   "outputs": [],
   "source": [
    "import pandas as pd"
   ]
  },
  {
   "cell_type": "code",
   "execution_count": 2,
   "id": "f3d0c1a4-9fed-4528-99d0-b103fe69bcb3",
   "metadata": {},
   "outputs": [],
   "source": [
    "df1 = pd.read_csv('Without Yeo Johnson 70-30 Applying SFS Top 4 features.csv')\n",
    "df2 = pd.read_csv('Without Yeo Johnson 70-30 Applying SFS Top 5 features.csv')\n",
    "df3 = pd.read_csv('Without Yeo Johnson 70-30 Applying SFS Top 7 features.csv')\n",
    "df4 = pd.read_csv('Without Yeo Johnson 70-30 Applying SFS Top 9 features.csv')"
   ]
  },
  {
   "cell_type": "code",
   "execution_count": 3,
   "id": "96dfaa5c-349a-4a1b-8b9a-fbab5c65ec5c",
   "metadata": {},
   "outputs": [
    {
     "data": {
      "text/html": [
       "<div>\n",
       "<style scoped>\n",
       "    .dataframe tbody tr th:only-of-type {\n",
       "        vertical-align: middle;\n",
       "    }\n",
       "\n",
       "    .dataframe tbody tr th {\n",
       "        vertical-align: top;\n",
       "    }\n",
       "\n",
       "    .dataframe thead th {\n",
       "        text-align: right;\n",
       "    }\n",
       "</style>\n",
       "<table border=\"1\" class=\"dataframe\">\n",
       "  <thead>\n",
       "    <tr style=\"text-align: right;\">\n",
       "      <th></th>\n",
       "      <th>Unnamed: 0</th>\n",
       "      <th>0</th>\n",
       "      <th>1</th>\n",
       "      <th>2</th>\n",
       "      <th>3</th>\n",
       "      <th>4</th>\n",
       "      <th>5</th>\n",
       "    </tr>\n",
       "  </thead>\n",
       "  <tbody>\n",
       "    <tr>\n",
       "      <th>0</th>\n",
       "      <td>Metrics</td>\n",
       "      <td>Accuracy</td>\n",
       "      <td>Precision</td>\n",
       "      <td>Recall</td>\n",
       "      <td>F1 Score</td>\n",
       "      <td>Cohen Kappa</td>\n",
       "      <td>AUC</td>\n",
       "    </tr>\n",
       "    <tr>\n",
       "      <th>1</th>\n",
       "      <td>SVC</td>\n",
       "      <td>0.9125</td>\n",
       "      <td>0.919583931133429</td>\n",
       "      <td>0.9125</td>\n",
       "      <td>0.900477127039627</td>\n",
       "      <td>0.8502673796791445</td>\n",
       "      <td>0.9690782243214467</td>\n",
       "    </tr>\n",
       "    <tr>\n",
       "      <th>2</th>\n",
       "      <td>LR</td>\n",
       "      <td>0.95</td>\n",
       "      <td>0.9548780487804878</td>\n",
       "      <td>0.95</td>\n",
       "      <td>0.9482223186170554</td>\n",
       "      <td>0.9158559032342887</td>\n",
       "      <td>0.977738451824492</td>\n",
       "    </tr>\n",
       "    <tr>\n",
       "      <th>3</th>\n",
       "      <td>KNN</td>\n",
       "      <td>0.875</td>\n",
       "      <td>0.8620979532163744</td>\n",
       "      <td>0.875</td>\n",
       "      <td>0.861078431372549</td>\n",
       "      <td>0.7881355932203389</td>\n",
       "      <td>0.9355522606804284</td>\n",
       "    </tr>\n",
       "  </tbody>\n",
       "</table>\n",
       "</div>"
      ],
      "text/plain": [
       "  Unnamed: 0         0                   1       2                   3  \\\n",
       "0    Metrics  Accuracy           Precision  Recall            F1 Score   \n",
       "1        SVC    0.9125   0.919583931133429  0.9125   0.900477127039627   \n",
       "2         LR      0.95  0.9548780487804878    0.95  0.9482223186170554   \n",
       "3        KNN     0.875  0.8620979532163744   0.875   0.861078431372549   \n",
       "\n",
       "                    4                   5  \n",
       "0         Cohen Kappa                 AUC  \n",
       "1  0.8502673796791445  0.9690782243214467  \n",
       "2  0.9158559032342887   0.977738451824492  \n",
       "3  0.7881355932203389  0.9355522606804284  "
      ]
     },
     "execution_count": 3,
     "metadata": {},
     "output_type": "execute_result"
    }
   ],
   "source": [
    "df4"
   ]
  },
  {
   "cell_type": "code",
   "execution_count": 4,
   "id": "24110537-6381-4188-bbf7-bf76a13c00ac",
   "metadata": {},
   "outputs": [
    {
     "data": {
      "text/html": [
       "<div>\n",
       "<style scoped>\n",
       "    .dataframe tbody tr th:only-of-type {\n",
       "        vertical-align: middle;\n",
       "    }\n",
       "\n",
       "    .dataframe tbody tr th {\n",
       "        vertical-align: top;\n",
       "    }\n",
       "\n",
       "    .dataframe thead th {\n",
       "        text-align: right;\n",
       "    }\n",
       "</style>\n",
       "<table border=\"1\" class=\"dataframe\">\n",
       "  <thead>\n",
       "    <tr style=\"text-align: right;\">\n",
       "      <th></th>\n",
       "      <th>Unnamed: 0</th>\n",
       "      <th>0</th>\n",
       "      <th>1</th>\n",
       "      <th>2</th>\n",
       "      <th>3</th>\n",
       "      <th>4</th>\n",
       "      <th>5</th>\n",
       "    </tr>\n",
       "  </thead>\n",
       "  <tbody>\n",
       "    <tr>\n",
       "      <th>1</th>\n",
       "      <td>SVC</td>\n",
       "      <td>0.9125</td>\n",
       "      <td>0.9143849206349206</td>\n",
       "      <td>0.9125</td>\n",
       "      <td>0.9098057169537249</td>\n",
       "      <td>0.8533647551715109</td>\n",
       "      <td>0.963293501607534</td>\n",
       "    </tr>\n",
       "    <tr>\n",
       "      <th>2</th>\n",
       "      <td>LR</td>\n",
       "      <td>0.875</td>\n",
       "      <td>0.8970108695652174</td>\n",
       "      <td>0.875</td>\n",
       "      <td>0.8421570898980537</td>\n",
       "      <td>0.7809419496166484</td>\n",
       "      <td>0.9829180838130851</td>\n",
       "    </tr>\n",
       "    <tr>\n",
       "      <th>3</th>\n",
       "      <td>KNN</td>\n",
       "      <td>0.9</td>\n",
       "      <td>0.9043201754385966</td>\n",
       "      <td>0.9</td>\n",
       "      <td>0.9015123889668069</td>\n",
       "      <td>0.8359815479241415</td>\n",
       "      <td>0.9545851854963016</td>\n",
       "    </tr>\n",
       "  </tbody>\n",
       "</table>\n",
       "</div>"
      ],
      "text/plain": [
       "  Unnamed: 0       0                   1       2                   3  \\\n",
       "1        SVC  0.9125  0.9143849206349206  0.9125  0.9098057169537249   \n",
       "2         LR   0.875  0.8970108695652174   0.875  0.8421570898980537   \n",
       "3        KNN     0.9  0.9043201754385966     0.9  0.9015123889668069   \n",
       "\n",
       "                    4                   5  \n",
       "1  0.8533647551715109   0.963293501607534  \n",
       "2  0.7809419496166484  0.9829180838130851  \n",
       "3  0.8359815479241415  0.9545851854963016  "
      ]
     },
     "execution_count": 4,
     "metadata": {},
     "output_type": "execute_result"
    }
   ],
   "source": [
    "df2 = df2.drop(0, axis=0)\n",
    "df3 = df3.drop(0, axis=0)\n",
    "df4 = df4.drop(0, axis=0)\n",
    "df2"
   ]
  },
  {
   "cell_type": "code",
   "execution_count": 5,
   "id": "18e576c3-2e93-4c37-b3bd-594bbd25fb88",
   "metadata": {},
   "outputs": [
    {
     "data": {
      "text/html": [
       "<div>\n",
       "<style scoped>\n",
       "    .dataframe tbody tr th:only-of-type {\n",
       "        vertical-align: middle;\n",
       "    }\n",
       "\n",
       "    .dataframe tbody tr th {\n",
       "        vertical-align: top;\n",
       "    }\n",
       "\n",
       "    .dataframe thead th {\n",
       "        text-align: right;\n",
       "    }\n",
       "</style>\n",
       "<table border=\"1\" class=\"dataframe\">\n",
       "  <thead>\n",
       "    <tr style=\"text-align: right;\">\n",
       "      <th></th>\n",
       "      <th>Unnamed: 0</th>\n",
       "      <th>0</th>\n",
       "      <th>1</th>\n",
       "      <th>2</th>\n",
       "      <th>3</th>\n",
       "      <th>4</th>\n",
       "      <th>5</th>\n",
       "    </tr>\n",
       "  </thead>\n",
       "  <tbody>\n",
       "    <tr>\n",
       "      <th>0</th>\n",
       "      <td>Metrics</td>\n",
       "      <td>Accuracy</td>\n",
       "      <td>Precision</td>\n",
       "      <td>Recall</td>\n",
       "      <td>F1 Score</td>\n",
       "      <td>Cohen Kappa</td>\n",
       "      <td>AUC</td>\n",
       "    </tr>\n",
       "    <tr>\n",
       "      <th>1</th>\n",
       "      <td>SVC</td>\n",
       "      <td>0.9125</td>\n",
       "      <td>0.9143849206349206</td>\n",
       "      <td>0.9125</td>\n",
       "      <td>0.9098057169537249</td>\n",
       "      <td>0.8533647551715109</td>\n",
       "      <td>0.9665242839298073</td>\n",
       "    </tr>\n",
       "    <tr>\n",
       "      <th>2</th>\n",
       "      <td>LR</td>\n",
       "      <td>0.875</td>\n",
       "      <td>0.8970108695652174</td>\n",
       "      <td>0.875</td>\n",
       "      <td>0.8421570898980537</td>\n",
       "      <td>0.7809419496166484</td>\n",
       "      <td>0.9829180838130851</td>\n",
       "    </tr>\n",
       "    <tr>\n",
       "      <th>3</th>\n",
       "      <td>KNN</td>\n",
       "      <td>0.9</td>\n",
       "      <td>0.9043201754385966</td>\n",
       "      <td>0.9</td>\n",
       "      <td>0.9015123889668069</td>\n",
       "      <td>0.8359815479241415</td>\n",
       "      <td>0.9545851854963016</td>\n",
       "    </tr>\n",
       "    <tr>\n",
       "      <th>1</th>\n",
       "      <td>SVC</td>\n",
       "      <td>0.9125</td>\n",
       "      <td>0.9143849206349206</td>\n",
       "      <td>0.9125</td>\n",
       "      <td>0.9098057169537249</td>\n",
       "      <td>0.8533647551715109</td>\n",
       "      <td>0.963293501607534</td>\n",
       "    </tr>\n",
       "    <tr>\n",
       "      <th>2</th>\n",
       "      <td>LR</td>\n",
       "      <td>0.875</td>\n",
       "      <td>0.8970108695652174</td>\n",
       "      <td>0.875</td>\n",
       "      <td>0.8421570898980537</td>\n",
       "      <td>0.7809419496166484</td>\n",
       "      <td>0.9829180838130851</td>\n",
       "    </tr>\n",
       "    <tr>\n",
       "      <th>3</th>\n",
       "      <td>KNN</td>\n",
       "      <td>0.9</td>\n",
       "      <td>0.9043201754385966</td>\n",
       "      <td>0.9</td>\n",
       "      <td>0.9015123889668069</td>\n",
       "      <td>0.8359815479241415</td>\n",
       "      <td>0.9545851854963016</td>\n",
       "    </tr>\n",
       "    <tr>\n",
       "      <th>1</th>\n",
       "      <td>SVC</td>\n",
       "      <td>0.875</td>\n",
       "      <td>0.8961775362318841</td>\n",
       "      <td>0.875</td>\n",
       "      <td>0.8598762793107916</td>\n",
       "      <td>0.7834325933946941</td>\n",
       "      <td>0.9393005532749751</td>\n",
       "    </tr>\n",
       "    <tr>\n",
       "      <th>2</th>\n",
       "      <td>LR</td>\n",
       "      <td>0.9125</td>\n",
       "      <td>0.9264204545454545</td>\n",
       "      <td>0.9125</td>\n",
       "      <td>0.9021191578483245</td>\n",
       "      <td>0.8496644295302014</td>\n",
       "      <td>0.9892886852074637</td>\n",
       "    </tr>\n",
       "    <tr>\n",
       "      <th>3</th>\n",
       "      <td>KNN</td>\n",
       "      <td>0.8</td>\n",
       "      <td>0.8176785714285714</td>\n",
       "      <td>0.8</td>\n",
       "      <td>0.807427308882015</td>\n",
       "      <td>0.6762771876580678</td>\n",
       "      <td>0.8890393205209701</td>\n",
       "    </tr>\n",
       "    <tr>\n",
       "      <th>1</th>\n",
       "      <td>SVC</td>\n",
       "      <td>0.9125</td>\n",
       "      <td>0.919583931133429</td>\n",
       "      <td>0.9125</td>\n",
       "      <td>0.900477127039627</td>\n",
       "      <td>0.8502673796791445</td>\n",
       "      <td>0.9690782243214467</td>\n",
       "    </tr>\n",
       "    <tr>\n",
       "      <th>2</th>\n",
       "      <td>LR</td>\n",
       "      <td>0.95</td>\n",
       "      <td>0.9548780487804878</td>\n",
       "      <td>0.95</td>\n",
       "      <td>0.9482223186170554</td>\n",
       "      <td>0.9158559032342887</td>\n",
       "      <td>0.977738451824492</td>\n",
       "    </tr>\n",
       "    <tr>\n",
       "      <th>3</th>\n",
       "      <td>KNN</td>\n",
       "      <td>0.875</td>\n",
       "      <td>0.8620979532163744</td>\n",
       "      <td>0.875</td>\n",
       "      <td>0.861078431372549</td>\n",
       "      <td>0.7881355932203389</td>\n",
       "      <td>0.9355522606804284</td>\n",
       "    </tr>\n",
       "  </tbody>\n",
       "</table>\n",
       "</div>"
      ],
      "text/plain": [
       "  Unnamed: 0         0                   1       2                   3  \\\n",
       "0    Metrics  Accuracy           Precision  Recall            F1 Score   \n",
       "1        SVC    0.9125  0.9143849206349206  0.9125  0.9098057169537249   \n",
       "2         LR     0.875  0.8970108695652174   0.875  0.8421570898980537   \n",
       "3        KNN       0.9  0.9043201754385966     0.9  0.9015123889668069   \n",
       "1        SVC    0.9125  0.9143849206349206  0.9125  0.9098057169537249   \n",
       "2         LR     0.875  0.8970108695652174   0.875  0.8421570898980537   \n",
       "3        KNN       0.9  0.9043201754385966     0.9  0.9015123889668069   \n",
       "1        SVC     0.875  0.8961775362318841   0.875  0.8598762793107916   \n",
       "2         LR    0.9125  0.9264204545454545  0.9125  0.9021191578483245   \n",
       "3        KNN       0.8  0.8176785714285714     0.8   0.807427308882015   \n",
       "1        SVC    0.9125   0.919583931133429  0.9125   0.900477127039627   \n",
       "2         LR      0.95  0.9548780487804878    0.95  0.9482223186170554   \n",
       "3        KNN     0.875  0.8620979532163744   0.875   0.861078431372549   \n",
       "\n",
       "                    4                   5  \n",
       "0         Cohen Kappa                 AUC  \n",
       "1  0.8533647551715109  0.9665242839298073  \n",
       "2  0.7809419496166484  0.9829180838130851  \n",
       "3  0.8359815479241415  0.9545851854963016  \n",
       "1  0.8533647551715109   0.963293501607534  \n",
       "2  0.7809419496166484  0.9829180838130851  \n",
       "3  0.8359815479241415  0.9545851854963016  \n",
       "1  0.7834325933946941  0.9393005532749751  \n",
       "2  0.8496644295302014  0.9892886852074637  \n",
       "3  0.6762771876580678  0.8890393205209701  \n",
       "1  0.8502673796791445  0.9690782243214467  \n",
       "2  0.9158559032342887   0.977738451824492  \n",
       "3  0.7881355932203389  0.9355522606804284  "
      ]
     },
     "execution_count": 5,
     "metadata": {},
     "output_type": "execute_result"
    }
   ],
   "source": [
    "df = pd.concat([df1, df2, df3, df4])\n",
    "df"
   ]
  },
  {
   "cell_type": "code",
   "execution_count": 6,
   "id": "072fabbe-9403-4676-8047-37aa29f78fd6",
   "metadata": {},
   "outputs": [],
   "source": [
    "df = df.drop(0, axis=0)"
   ]
  },
  {
   "cell_type": "code",
   "execution_count": 7,
   "id": "35a1b3e6-1e61-4154-bad9-f3e521383935",
   "metadata": {},
   "outputs": [],
   "source": [
    "df.rename(columns={'Unnamed: 0': 'Model', '0': 'Accuracy', '1': 'Precision', '2': 'Recall', '3': 'F1 Score', '4': 'Cohen Kappa', '5': 'AUC'}, inplace=True)"
   ]
  },
  {
   "cell_type": "code",
   "execution_count": 8,
   "id": "90b855a1-f700-41af-af22-b960335932f0",
   "metadata": {},
   "outputs": [
    {
     "data": {
      "text/html": [
       "<div>\n",
       "<style scoped>\n",
       "    .dataframe tbody tr th:only-of-type {\n",
       "        vertical-align: middle;\n",
       "    }\n",
       "\n",
       "    .dataframe tbody tr th {\n",
       "        vertical-align: top;\n",
       "    }\n",
       "\n",
       "    .dataframe thead th {\n",
       "        text-align: right;\n",
       "    }\n",
       "</style>\n",
       "<table border=\"1\" class=\"dataframe\">\n",
       "  <thead>\n",
       "    <tr style=\"text-align: right;\">\n",
       "      <th></th>\n",
       "      <th>Model</th>\n",
       "      <th>Accuracy</th>\n",
       "      <th>Precision</th>\n",
       "      <th>Recall</th>\n",
       "      <th>F1 Score</th>\n",
       "      <th>Cohen Kappa</th>\n",
       "      <th>AUC</th>\n",
       "    </tr>\n",
       "  </thead>\n",
       "  <tbody>\n",
       "    <tr>\n",
       "      <th>1</th>\n",
       "      <td>SVC</td>\n",
       "      <td>0.9125</td>\n",
       "      <td>0.9143849206349206</td>\n",
       "      <td>0.9125</td>\n",
       "      <td>0.9098057169537249</td>\n",
       "      <td>0.8533647551715109</td>\n",
       "      <td>0.9665242839298073</td>\n",
       "    </tr>\n",
       "    <tr>\n",
       "      <th>2</th>\n",
       "      <td>LR</td>\n",
       "      <td>0.875</td>\n",
       "      <td>0.8970108695652174</td>\n",
       "      <td>0.875</td>\n",
       "      <td>0.8421570898980537</td>\n",
       "      <td>0.7809419496166484</td>\n",
       "      <td>0.9829180838130851</td>\n",
       "    </tr>\n",
       "    <tr>\n",
       "      <th>3</th>\n",
       "      <td>KNN</td>\n",
       "      <td>0.9</td>\n",
       "      <td>0.9043201754385966</td>\n",
       "      <td>0.9</td>\n",
       "      <td>0.9015123889668069</td>\n",
       "      <td>0.8359815479241415</td>\n",
       "      <td>0.9545851854963016</td>\n",
       "    </tr>\n",
       "    <tr>\n",
       "      <th>1</th>\n",
       "      <td>SVC</td>\n",
       "      <td>0.9125</td>\n",
       "      <td>0.9143849206349206</td>\n",
       "      <td>0.9125</td>\n",
       "      <td>0.9098057169537249</td>\n",
       "      <td>0.8533647551715109</td>\n",
       "      <td>0.963293501607534</td>\n",
       "    </tr>\n",
       "    <tr>\n",
       "      <th>2</th>\n",
       "      <td>LR</td>\n",
       "      <td>0.875</td>\n",
       "      <td>0.8970108695652174</td>\n",
       "      <td>0.875</td>\n",
       "      <td>0.8421570898980537</td>\n",
       "      <td>0.7809419496166484</td>\n",
       "      <td>0.9829180838130851</td>\n",
       "    </tr>\n",
       "    <tr>\n",
       "      <th>3</th>\n",
       "      <td>KNN</td>\n",
       "      <td>0.9</td>\n",
       "      <td>0.9043201754385966</td>\n",
       "      <td>0.9</td>\n",
       "      <td>0.9015123889668069</td>\n",
       "      <td>0.8359815479241415</td>\n",
       "      <td>0.9545851854963016</td>\n",
       "    </tr>\n",
       "    <tr>\n",
       "      <th>1</th>\n",
       "      <td>SVC</td>\n",
       "      <td>0.875</td>\n",
       "      <td>0.8961775362318841</td>\n",
       "      <td>0.875</td>\n",
       "      <td>0.8598762793107916</td>\n",
       "      <td>0.7834325933946941</td>\n",
       "      <td>0.9393005532749751</td>\n",
       "    </tr>\n",
       "    <tr>\n",
       "      <th>2</th>\n",
       "      <td>LR</td>\n",
       "      <td>0.9125</td>\n",
       "      <td>0.9264204545454545</td>\n",
       "      <td>0.9125</td>\n",
       "      <td>0.9021191578483245</td>\n",
       "      <td>0.8496644295302014</td>\n",
       "      <td>0.9892886852074637</td>\n",
       "    </tr>\n",
       "    <tr>\n",
       "      <th>3</th>\n",
       "      <td>KNN</td>\n",
       "      <td>0.8</td>\n",
       "      <td>0.8176785714285714</td>\n",
       "      <td>0.8</td>\n",
       "      <td>0.807427308882015</td>\n",
       "      <td>0.6762771876580678</td>\n",
       "      <td>0.8890393205209701</td>\n",
       "    </tr>\n",
       "    <tr>\n",
       "      <th>1</th>\n",
       "      <td>SVC</td>\n",
       "      <td>0.9125</td>\n",
       "      <td>0.919583931133429</td>\n",
       "      <td>0.9125</td>\n",
       "      <td>0.900477127039627</td>\n",
       "      <td>0.8502673796791445</td>\n",
       "      <td>0.9690782243214467</td>\n",
       "    </tr>\n",
       "    <tr>\n",
       "      <th>2</th>\n",
       "      <td>LR</td>\n",
       "      <td>0.95</td>\n",
       "      <td>0.9548780487804878</td>\n",
       "      <td>0.95</td>\n",
       "      <td>0.9482223186170554</td>\n",
       "      <td>0.9158559032342887</td>\n",
       "      <td>0.977738451824492</td>\n",
       "    </tr>\n",
       "    <tr>\n",
       "      <th>3</th>\n",
       "      <td>KNN</td>\n",
       "      <td>0.875</td>\n",
       "      <td>0.8620979532163744</td>\n",
       "      <td>0.875</td>\n",
       "      <td>0.861078431372549</td>\n",
       "      <td>0.7881355932203389</td>\n",
       "      <td>0.9355522606804284</td>\n",
       "    </tr>\n",
       "  </tbody>\n",
       "</table>\n",
       "</div>"
      ],
      "text/plain": [
       "  Model Accuracy           Precision  Recall            F1 Score  \\\n",
       "1   SVC   0.9125  0.9143849206349206  0.9125  0.9098057169537249   \n",
       "2    LR    0.875  0.8970108695652174   0.875  0.8421570898980537   \n",
       "3   KNN      0.9  0.9043201754385966     0.9  0.9015123889668069   \n",
       "1   SVC   0.9125  0.9143849206349206  0.9125  0.9098057169537249   \n",
       "2    LR    0.875  0.8970108695652174   0.875  0.8421570898980537   \n",
       "3   KNN      0.9  0.9043201754385966     0.9  0.9015123889668069   \n",
       "1   SVC    0.875  0.8961775362318841   0.875  0.8598762793107916   \n",
       "2    LR   0.9125  0.9264204545454545  0.9125  0.9021191578483245   \n",
       "3   KNN      0.8  0.8176785714285714     0.8   0.807427308882015   \n",
       "1   SVC   0.9125   0.919583931133429  0.9125   0.900477127039627   \n",
       "2    LR     0.95  0.9548780487804878    0.95  0.9482223186170554   \n",
       "3   KNN    0.875  0.8620979532163744   0.875   0.861078431372549   \n",
       "\n",
       "          Cohen Kappa                 AUC  \n",
       "1  0.8533647551715109  0.9665242839298073  \n",
       "2  0.7809419496166484  0.9829180838130851  \n",
       "3  0.8359815479241415  0.9545851854963016  \n",
       "1  0.8533647551715109   0.963293501607534  \n",
       "2  0.7809419496166484  0.9829180838130851  \n",
       "3  0.8359815479241415  0.9545851854963016  \n",
       "1  0.7834325933946941  0.9393005532749751  \n",
       "2  0.8496644295302014  0.9892886852074637  \n",
       "3  0.6762771876580678  0.8890393205209701  \n",
       "1  0.8502673796791445  0.9690782243214467  \n",
       "2  0.9158559032342887   0.977738451824492  \n",
       "3  0.7881355932203389  0.9355522606804284  "
      ]
     },
     "execution_count": 8,
     "metadata": {},
     "output_type": "execute_result"
    }
   ],
   "source": [
    "df"
   ]
  },
  {
   "cell_type": "code",
   "execution_count": 9,
   "id": "1e774346-9650-41cb-bacb-b8e4dc1f9499",
   "metadata": {},
   "outputs": [],
   "source": [
    "df = df.sort_values('Model')"
   ]
  },
  {
   "cell_type": "code",
   "execution_count": 10,
   "id": "b748ed33-684f-41fc-aefc-ffb8cfc3fe9f",
   "metadata": {},
   "outputs": [
    {
     "data": {
      "text/html": [
       "<div>\n",
       "<style scoped>\n",
       "    .dataframe tbody tr th:only-of-type {\n",
       "        vertical-align: middle;\n",
       "    }\n",
       "\n",
       "    .dataframe tbody tr th {\n",
       "        vertical-align: top;\n",
       "    }\n",
       "\n",
       "    .dataframe thead th {\n",
       "        text-align: right;\n",
       "    }\n",
       "</style>\n",
       "<table border=\"1\" class=\"dataframe\">\n",
       "  <thead>\n",
       "    <tr style=\"text-align: right;\">\n",
       "      <th></th>\n",
       "      <th>Model</th>\n",
       "      <th>Accuracy</th>\n",
       "      <th>Precision</th>\n",
       "      <th>Recall</th>\n",
       "      <th>F1 Score</th>\n",
       "      <th>Cohen Kappa</th>\n",
       "      <th>AUC</th>\n",
       "    </tr>\n",
       "  </thead>\n",
       "  <tbody>\n",
       "    <tr>\n",
       "      <th>3</th>\n",
       "      <td>KNN</td>\n",
       "      <td>0.9</td>\n",
       "      <td>0.9043201754385966</td>\n",
       "      <td>0.9</td>\n",
       "      <td>0.9015123889668069</td>\n",
       "      <td>0.8359815479241415</td>\n",
       "      <td>0.9545851854963016</td>\n",
       "    </tr>\n",
       "    <tr>\n",
       "      <th>3</th>\n",
       "      <td>KNN</td>\n",
       "      <td>0.9</td>\n",
       "      <td>0.9043201754385966</td>\n",
       "      <td>0.9</td>\n",
       "      <td>0.9015123889668069</td>\n",
       "      <td>0.8359815479241415</td>\n",
       "      <td>0.9545851854963016</td>\n",
       "    </tr>\n",
       "    <tr>\n",
       "      <th>3</th>\n",
       "      <td>KNN</td>\n",
       "      <td>0.8</td>\n",
       "      <td>0.8176785714285714</td>\n",
       "      <td>0.8</td>\n",
       "      <td>0.807427308882015</td>\n",
       "      <td>0.6762771876580678</td>\n",
       "      <td>0.8890393205209701</td>\n",
       "    </tr>\n",
       "    <tr>\n",
       "      <th>3</th>\n",
       "      <td>KNN</td>\n",
       "      <td>0.875</td>\n",
       "      <td>0.8620979532163744</td>\n",
       "      <td>0.875</td>\n",
       "      <td>0.861078431372549</td>\n",
       "      <td>0.7881355932203389</td>\n",
       "      <td>0.9355522606804284</td>\n",
       "    </tr>\n",
       "    <tr>\n",
       "      <th>2</th>\n",
       "      <td>LR</td>\n",
       "      <td>0.875</td>\n",
       "      <td>0.8970108695652174</td>\n",
       "      <td>0.875</td>\n",
       "      <td>0.8421570898980537</td>\n",
       "      <td>0.7809419496166484</td>\n",
       "      <td>0.9829180838130851</td>\n",
       "    </tr>\n",
       "    <tr>\n",
       "      <th>2</th>\n",
       "      <td>LR</td>\n",
       "      <td>0.875</td>\n",
       "      <td>0.8970108695652174</td>\n",
       "      <td>0.875</td>\n",
       "      <td>0.8421570898980537</td>\n",
       "      <td>0.7809419496166484</td>\n",
       "      <td>0.9829180838130851</td>\n",
       "    </tr>\n",
       "    <tr>\n",
       "      <th>2</th>\n",
       "      <td>LR</td>\n",
       "      <td>0.9125</td>\n",
       "      <td>0.9264204545454545</td>\n",
       "      <td>0.9125</td>\n",
       "      <td>0.9021191578483245</td>\n",
       "      <td>0.8496644295302014</td>\n",
       "      <td>0.9892886852074637</td>\n",
       "    </tr>\n",
       "    <tr>\n",
       "      <th>2</th>\n",
       "      <td>LR</td>\n",
       "      <td>0.95</td>\n",
       "      <td>0.9548780487804878</td>\n",
       "      <td>0.95</td>\n",
       "      <td>0.9482223186170554</td>\n",
       "      <td>0.9158559032342887</td>\n",
       "      <td>0.977738451824492</td>\n",
       "    </tr>\n",
       "    <tr>\n",
       "      <th>1</th>\n",
       "      <td>SVC</td>\n",
       "      <td>0.9125</td>\n",
       "      <td>0.9143849206349206</td>\n",
       "      <td>0.9125</td>\n",
       "      <td>0.9098057169537249</td>\n",
       "      <td>0.8533647551715109</td>\n",
       "      <td>0.9665242839298073</td>\n",
       "    </tr>\n",
       "    <tr>\n",
       "      <th>1</th>\n",
       "      <td>SVC</td>\n",
       "      <td>0.9125</td>\n",
       "      <td>0.9143849206349206</td>\n",
       "      <td>0.9125</td>\n",
       "      <td>0.9098057169537249</td>\n",
       "      <td>0.8533647551715109</td>\n",
       "      <td>0.963293501607534</td>\n",
       "    </tr>\n",
       "    <tr>\n",
       "      <th>1</th>\n",
       "      <td>SVC</td>\n",
       "      <td>0.875</td>\n",
       "      <td>0.8961775362318841</td>\n",
       "      <td>0.875</td>\n",
       "      <td>0.8598762793107916</td>\n",
       "      <td>0.7834325933946941</td>\n",
       "      <td>0.9393005532749751</td>\n",
       "    </tr>\n",
       "    <tr>\n",
       "      <th>1</th>\n",
       "      <td>SVC</td>\n",
       "      <td>0.9125</td>\n",
       "      <td>0.919583931133429</td>\n",
       "      <td>0.9125</td>\n",
       "      <td>0.900477127039627</td>\n",
       "      <td>0.8502673796791445</td>\n",
       "      <td>0.9690782243214467</td>\n",
       "    </tr>\n",
       "  </tbody>\n",
       "</table>\n",
       "</div>"
      ],
      "text/plain": [
       "  Model Accuracy           Precision  Recall            F1 Score  \\\n",
       "3   KNN      0.9  0.9043201754385966     0.9  0.9015123889668069   \n",
       "3   KNN      0.9  0.9043201754385966     0.9  0.9015123889668069   \n",
       "3   KNN      0.8  0.8176785714285714     0.8   0.807427308882015   \n",
       "3   KNN    0.875  0.8620979532163744   0.875   0.861078431372549   \n",
       "2    LR    0.875  0.8970108695652174   0.875  0.8421570898980537   \n",
       "2    LR    0.875  0.8970108695652174   0.875  0.8421570898980537   \n",
       "2    LR   0.9125  0.9264204545454545  0.9125  0.9021191578483245   \n",
       "2    LR     0.95  0.9548780487804878    0.95  0.9482223186170554   \n",
       "1   SVC   0.9125  0.9143849206349206  0.9125  0.9098057169537249   \n",
       "1   SVC   0.9125  0.9143849206349206  0.9125  0.9098057169537249   \n",
       "1   SVC    0.875  0.8961775362318841   0.875  0.8598762793107916   \n",
       "1   SVC   0.9125   0.919583931133429  0.9125   0.900477127039627   \n",
       "\n",
       "          Cohen Kappa                 AUC  \n",
       "3  0.8359815479241415  0.9545851854963016  \n",
       "3  0.8359815479241415  0.9545851854963016  \n",
       "3  0.6762771876580678  0.8890393205209701  \n",
       "3  0.7881355932203389  0.9355522606804284  \n",
       "2  0.7809419496166484  0.9829180838130851  \n",
       "2  0.7809419496166484  0.9829180838130851  \n",
       "2  0.8496644295302014  0.9892886852074637  \n",
       "2  0.9158559032342887   0.977738451824492  \n",
       "1  0.8533647551715109  0.9665242839298073  \n",
       "1  0.8533647551715109   0.963293501607534  \n",
       "1  0.7834325933946941  0.9393005532749751  \n",
       "1  0.8502673796791445  0.9690782243214467  "
      ]
     },
     "execution_count": 10,
     "metadata": {},
     "output_type": "execute_result"
    }
   ],
   "source": [
    "df"
   ]
  },
  {
   "cell_type": "code",
   "execution_count": 11,
   "id": "4863d2b9-0988-4f6d-acd0-5af4e47a4911",
   "metadata": {},
   "outputs": [],
   "source": [
    "df.to_csv('Combined accuracy without YJ/Without Yeo Johnson 70-30 Applying SFS.csv', index=False)"
   ]
  },
  {
   "cell_type": "code",
   "execution_count": null,
   "id": "2dd815a3-d2e1-4269-8c86-c20afbf53650",
   "metadata": {},
   "outputs": [],
   "source": []
  }
 ],
 "metadata": {
  "kernelspec": {
   "display_name": "Python 3 (ipykernel)",
   "language": "python",
   "name": "python3"
  },
  "language_info": {
   "codemirror_mode": {
    "name": "ipython",
    "version": 3
   },
   "file_extension": ".py",
   "mimetype": "text/x-python",
   "name": "python",
   "nbconvert_exporter": "python",
   "pygments_lexer": "ipython3",
   "version": "3.9.12"
  }
 },
 "nbformat": 4,
 "nbformat_minor": 5
}
