{
 "cells": [
  {
   "cell_type": "code",
   "execution_count": 1,
   "id": "42e8a043-34dc-43cf-b822-b36cf4b2d12a",
   "metadata": {},
   "outputs": [],
   "source": [
    "import pandas as pd"
   ]
  },
  {
   "cell_type": "code",
   "execution_count": 2,
   "id": "f3d0c1a4-9fed-4528-99d0-b103fe69bcb3",
   "metadata": {},
   "outputs": [],
   "source": [
    "df1 = pd.read_csv('LMCH Extremely Imbalance 80-20 Applying IG Top 4 features.csv')\n",
    "df2 = pd.read_csv('LMCH Extremely Imbalance 80-20 Applying IG Top 5 features.csv')\n",
    "df3 = pd.read_csv('LMCH Extremely Imbalance 80-20 Applying IG Top 7 features.csv')\n",
    "df4 = pd.read_csv('LMCH Extremely Imbalance 80-20 Applying IG Top 9 features.csv')"
   ]
  },
  {
   "cell_type": "code",
   "execution_count": 3,
   "id": "96dfaa5c-349a-4a1b-8b9a-fbab5c65ec5c",
   "metadata": {},
   "outputs": [
    {
     "data": {
      "text/html": [
       "<div>\n",
       "<style scoped>\n",
       "    .dataframe tbody tr th:only-of-type {\n",
       "        vertical-align: middle;\n",
       "    }\n",
       "\n",
       "    .dataframe tbody tr th {\n",
       "        vertical-align: top;\n",
       "    }\n",
       "\n",
       "    .dataframe thead th {\n",
       "        text-align: right;\n",
       "    }\n",
       "</style>\n",
       "<table border=\"1\" class=\"dataframe\">\n",
       "  <thead>\n",
       "    <tr style=\"text-align: right;\">\n",
       "      <th></th>\n",
       "      <th>Unnamed: 0</th>\n",
       "      <th>0</th>\n",
       "      <th>1</th>\n",
       "      <th>2</th>\n",
       "      <th>3</th>\n",
       "      <th>4</th>\n",
       "      <th>5</th>\n",
       "    </tr>\n",
       "  </thead>\n",
       "  <tbody>\n",
       "    <tr>\n",
       "      <th>0</th>\n",
       "      <td>Metrics</td>\n",
       "      <td>Accuracy</td>\n",
       "      <td>Precision</td>\n",
       "      <td>Recall</td>\n",
       "      <td>F1 Score</td>\n",
       "      <td>Cohen Kappa</td>\n",
       "      <td>AUC</td>\n",
       "    </tr>\n",
       "    <tr>\n",
       "      <th>1</th>\n",
       "      <td>SVC</td>\n",
       "      <td>0.9397590361445783</td>\n",
       "      <td>0.9456101432758058</td>\n",
       "      <td>0.9397590361445783</td>\n",
       "      <td>0.9360079711012371</td>\n",
       "      <td>0.7025089605734767</td>\n",
       "      <td>0.9678581700336455</td>\n",
       "    </tr>\n",
       "    <tr>\n",
       "      <th>2</th>\n",
       "      <td>LR</td>\n",
       "      <td>0.9156626506024096</td>\n",
       "      <td>0.9036600949251551</td>\n",
       "      <td>0.9156626506024096</td>\n",
       "      <td>0.9057685824298668</td>\n",
       "      <td>0.6191412651589643</td>\n",
       "      <td>0.9744423686028617</td>\n",
       "    </tr>\n",
       "    <tr>\n",
       "      <th>3</th>\n",
       "      <td>KNN</td>\n",
       "      <td>0.9397590361445783</td>\n",
       "      <td>0.9496341530505583</td>\n",
       "      <td>0.9397590361445783</td>\n",
       "      <td>0.9370431190798645</td>\n",
       "      <td>0.716142270861833</td>\n",
       "      <td>0.9359262781248353</td>\n",
       "    </tr>\n",
       "  </tbody>\n",
       "</table>\n",
       "</div>"
      ],
      "text/plain": [
       "  Unnamed: 0                   0                   1                   2  \\\n",
       "0    Metrics            Accuracy           Precision              Recall   \n",
       "1        SVC  0.9397590361445783  0.9456101432758058  0.9397590361445783   \n",
       "2         LR  0.9156626506024096  0.9036600949251551  0.9156626506024096   \n",
       "3        KNN  0.9397590361445783  0.9496341530505583  0.9397590361445783   \n",
       "\n",
       "                    3                   4                   5  \n",
       "0            F1 Score         Cohen Kappa                 AUC  \n",
       "1  0.9360079711012371  0.7025089605734767  0.9678581700336455  \n",
       "2  0.9057685824298668  0.6191412651589643  0.9744423686028617  \n",
       "3  0.9370431190798645   0.716142270861833  0.9359262781248353  "
      ]
     },
     "execution_count": 3,
     "metadata": {},
     "output_type": "execute_result"
    }
   ],
   "source": [
    "df4"
   ]
  },
  {
   "cell_type": "code",
   "execution_count": 4,
   "id": "24110537-6381-4188-bbf7-bf76a13c00ac",
   "metadata": {},
   "outputs": [
    {
     "data": {
      "text/html": [
       "<div>\n",
       "<style scoped>\n",
       "    .dataframe tbody tr th:only-of-type {\n",
       "        vertical-align: middle;\n",
       "    }\n",
       "\n",
       "    .dataframe tbody tr th {\n",
       "        vertical-align: top;\n",
       "    }\n",
       "\n",
       "    .dataframe thead th {\n",
       "        text-align: right;\n",
       "    }\n",
       "</style>\n",
       "<table border=\"1\" class=\"dataframe\">\n",
       "  <thead>\n",
       "    <tr style=\"text-align: right;\">\n",
       "      <th></th>\n",
       "      <th>Unnamed: 0</th>\n",
       "      <th>0</th>\n",
       "      <th>1</th>\n",
       "      <th>2</th>\n",
       "      <th>3</th>\n",
       "      <th>4</th>\n",
       "      <th>5</th>\n",
       "    </tr>\n",
       "  </thead>\n",
       "  <tbody>\n",
       "    <tr>\n",
       "      <th>1</th>\n",
       "      <td>SVC</td>\n",
       "      <td>0.9457831325301205</td>\n",
       "      <td>0.9639737772267892</td>\n",
       "      <td>0.9457831325301205</td>\n",
       "      <td>0.9451795009653217</td>\n",
       "      <td>0.76096</td>\n",
       "      <td>0.991605400594786</td>\n",
       "    </tr>\n",
       "    <tr>\n",
       "      <th>2</th>\n",
       "      <td>LR</td>\n",
       "      <td>0.9216867469879518</td>\n",
       "      <td>0.9418387837062534</td>\n",
       "      <td>0.9216867469879518</td>\n",
       "      <td>0.9176750317565854</td>\n",
       "      <td>0.6467506956948764</td>\n",
       "      <td>0.9802437427962638</td>\n",
       "    </tr>\n",
       "    <tr>\n",
       "      <th>3</th>\n",
       "      <td>KNN</td>\n",
       "      <td>0.9397590361445783</td>\n",
       "      <td>0.9563755020080322</td>\n",
       "      <td>0.9397590361445783</td>\n",
       "      <td>0.9392678492790282</td>\n",
       "      <td>0.7285807717462394</td>\n",
       "      <td>0.9594621198681903</td>\n",
       "    </tr>\n",
       "  </tbody>\n",
       "</table>\n",
       "</div>"
      ],
      "text/plain": [
       "  Unnamed: 0                   0                   1                   2  \\\n",
       "1        SVC  0.9457831325301205  0.9639737772267892  0.9457831325301205   \n",
       "2         LR  0.9216867469879518  0.9418387837062534  0.9216867469879518   \n",
       "3        KNN  0.9397590361445783  0.9563755020080322  0.9397590361445783   \n",
       "\n",
       "                    3                   4                   5  \n",
       "1  0.9451795009653217             0.76096   0.991605400594786  \n",
       "2  0.9176750317565854  0.6467506956948764  0.9802437427962638  \n",
       "3  0.9392678492790282  0.7285807717462394  0.9594621198681903  "
      ]
     },
     "execution_count": 4,
     "metadata": {},
     "output_type": "execute_result"
    }
   ],
   "source": [
    "df2 = df2.drop(0, axis=0)\n",
    "df3 = df3.drop(0, axis=0)\n",
    "df4 = df4.drop(0, axis=0)\n",
    "df2"
   ]
  },
  {
   "cell_type": "code",
   "execution_count": 5,
   "id": "18e576c3-2e93-4c37-b3bd-594bbd25fb88",
   "metadata": {},
   "outputs": [
    {
     "data": {
      "text/html": [
       "<div>\n",
       "<style scoped>\n",
       "    .dataframe tbody tr th:only-of-type {\n",
       "        vertical-align: middle;\n",
       "    }\n",
       "\n",
       "    .dataframe tbody tr th {\n",
       "        vertical-align: top;\n",
       "    }\n",
       "\n",
       "    .dataframe thead th {\n",
       "        text-align: right;\n",
       "    }\n",
       "</style>\n",
       "<table border=\"1\" class=\"dataframe\">\n",
       "  <thead>\n",
       "    <tr style=\"text-align: right;\">\n",
       "      <th></th>\n",
       "      <th>Unnamed: 0</th>\n",
       "      <th>0</th>\n",
       "      <th>1</th>\n",
       "      <th>2</th>\n",
       "      <th>3</th>\n",
       "      <th>4</th>\n",
       "      <th>5</th>\n",
       "    </tr>\n",
       "  </thead>\n",
       "  <tbody>\n",
       "    <tr>\n",
       "      <th>0</th>\n",
       "      <td>Metrics</td>\n",
       "      <td>Accuracy</td>\n",
       "      <td>Precision</td>\n",
       "      <td>Recall</td>\n",
       "      <td>F1 Score</td>\n",
       "      <td>Cohen Kappa</td>\n",
       "      <td>AUC</td>\n",
       "    </tr>\n",
       "    <tr>\n",
       "      <th>1</th>\n",
       "      <td>SVC</td>\n",
       "      <td>0.9457831325301205</td>\n",
       "      <td>0.9639737772267892</td>\n",
       "      <td>0.9457831325301205</td>\n",
       "      <td>0.9451795009653217</td>\n",
       "      <td>0.76096</td>\n",
       "      <td>0.9912689941023644</td>\n",
       "    </tr>\n",
       "    <tr>\n",
       "      <th>2</th>\n",
       "      <td>LR</td>\n",
       "      <td>0.9156626506024096</td>\n",
       "      <td>0.9036600949251551</td>\n",
       "      <td>0.9156626506024096</td>\n",
       "      <td>0.9057685824298668</td>\n",
       "      <td>0.6191412651589643</td>\n",
       "      <td>0.979132202251121</td>\n",
       "    </tr>\n",
       "    <tr>\n",
       "      <th>3</th>\n",
       "      <td>KNN</td>\n",
       "      <td>0.9397590361445783</td>\n",
       "      <td>0.9468003593320652</td>\n",
       "      <td>0.9397590361445783</td>\n",
       "      <td>0.9390396638098787</td>\n",
       "      <td>0.7288910664706842</td>\n",
       "      <td>0.985850393913751</td>\n",
       "    </tr>\n",
       "    <tr>\n",
       "      <th>1</th>\n",
       "      <td>SVC</td>\n",
       "      <td>0.9457831325301205</td>\n",
       "      <td>0.9639737772267892</td>\n",
       "      <td>0.9457831325301205</td>\n",
       "      <td>0.9451795009653217</td>\n",
       "      <td>0.76096</td>\n",
       "      <td>0.991605400594786</td>\n",
       "    </tr>\n",
       "    <tr>\n",
       "      <th>2</th>\n",
       "      <td>LR</td>\n",
       "      <td>0.9216867469879518</td>\n",
       "      <td>0.9418387837062534</td>\n",
       "      <td>0.9216867469879518</td>\n",
       "      <td>0.9176750317565854</td>\n",
       "      <td>0.6467506956948764</td>\n",
       "      <td>0.9802437427962638</td>\n",
       "    </tr>\n",
       "    <tr>\n",
       "      <th>3</th>\n",
       "      <td>KNN</td>\n",
       "      <td>0.9397590361445783</td>\n",
       "      <td>0.9563755020080322</td>\n",
       "      <td>0.9397590361445783</td>\n",
       "      <td>0.9392678492790282</td>\n",
       "      <td>0.7285807717462394</td>\n",
       "      <td>0.9594621198681903</td>\n",
       "    </tr>\n",
       "    <tr>\n",
       "      <th>1</th>\n",
       "      <td>SVC</td>\n",
       "      <td>0.9337349397590361</td>\n",
       "      <td>0.9597145471045235</td>\n",
       "      <td>0.9337349397590361</td>\n",
       "      <td>0.9309796443973289</td>\n",
       "      <td>0.7136584600909519</td>\n",
       "      <td>0.985991955824165</td>\n",
       "    </tr>\n",
       "    <tr>\n",
       "      <th>2</th>\n",
       "      <td>LR</td>\n",
       "      <td>0.9156626506024096</td>\n",
       "      <td>0.9056942053930005</td>\n",
       "      <td>0.9156626506024096</td>\n",
       "      <td>0.9073480093813704</td>\n",
       "      <td>0.6195776722867901</td>\n",
       "      <td>0.9745242878977951</td>\n",
       "    </tr>\n",
       "    <tr>\n",
       "      <th>3</th>\n",
       "      <td>KNN</td>\n",
       "      <td>0.9578313253012049</td>\n",
       "      <td>0.972590361445783</td>\n",
       "      <td>0.9578313253012049</td>\n",
       "      <td>0.961653431909456</td>\n",
       "      <td>0.8222969873069277</td>\n",
       "      <td>0.9899694026283478</td>\n",
       "    </tr>\n",
       "    <tr>\n",
       "      <th>1</th>\n",
       "      <td>SVC</td>\n",
       "      <td>0.9397590361445783</td>\n",
       "      <td>0.9456101432758058</td>\n",
       "      <td>0.9397590361445783</td>\n",
       "      <td>0.9360079711012371</td>\n",
       "      <td>0.7025089605734767</td>\n",
       "      <td>0.9678581700336455</td>\n",
       "    </tr>\n",
       "    <tr>\n",
       "      <th>2</th>\n",
       "      <td>LR</td>\n",
       "      <td>0.9156626506024096</td>\n",
       "      <td>0.9036600949251551</td>\n",
       "      <td>0.9156626506024096</td>\n",
       "      <td>0.9057685824298668</td>\n",
       "      <td>0.6191412651589643</td>\n",
       "      <td>0.9744423686028617</td>\n",
       "    </tr>\n",
       "    <tr>\n",
       "      <th>3</th>\n",
       "      <td>KNN</td>\n",
       "      <td>0.9397590361445783</td>\n",
       "      <td>0.9496341530505583</td>\n",
       "      <td>0.9397590361445783</td>\n",
       "      <td>0.9370431190798645</td>\n",
       "      <td>0.716142270861833</td>\n",
       "      <td>0.9359262781248353</td>\n",
       "    </tr>\n",
       "  </tbody>\n",
       "</table>\n",
       "</div>"
      ],
      "text/plain": [
       "  Unnamed: 0                   0                   1                   2  \\\n",
       "0    Metrics            Accuracy           Precision              Recall   \n",
       "1        SVC  0.9457831325301205  0.9639737772267892  0.9457831325301205   \n",
       "2         LR  0.9156626506024096  0.9036600949251551  0.9156626506024096   \n",
       "3        KNN  0.9397590361445783  0.9468003593320652  0.9397590361445783   \n",
       "1        SVC  0.9457831325301205  0.9639737772267892  0.9457831325301205   \n",
       "2         LR  0.9216867469879518  0.9418387837062534  0.9216867469879518   \n",
       "3        KNN  0.9397590361445783  0.9563755020080322  0.9397590361445783   \n",
       "1        SVC  0.9337349397590361  0.9597145471045235  0.9337349397590361   \n",
       "2         LR  0.9156626506024096  0.9056942053930005  0.9156626506024096   \n",
       "3        KNN  0.9578313253012049   0.972590361445783  0.9578313253012049   \n",
       "1        SVC  0.9397590361445783  0.9456101432758058  0.9397590361445783   \n",
       "2         LR  0.9156626506024096  0.9036600949251551  0.9156626506024096   \n",
       "3        KNN  0.9397590361445783  0.9496341530505583  0.9397590361445783   \n",
       "\n",
       "                    3                   4                   5  \n",
       "0            F1 Score         Cohen Kappa                 AUC  \n",
       "1  0.9451795009653217             0.76096  0.9912689941023644  \n",
       "2  0.9057685824298668  0.6191412651589643   0.979132202251121  \n",
       "3  0.9390396638098787  0.7288910664706842   0.985850393913751  \n",
       "1  0.9451795009653217             0.76096   0.991605400594786  \n",
       "2  0.9176750317565854  0.6467506956948764  0.9802437427962638  \n",
       "3  0.9392678492790282  0.7285807717462394  0.9594621198681903  \n",
       "1  0.9309796443973289  0.7136584600909519   0.985991955824165  \n",
       "2  0.9073480093813704  0.6195776722867901  0.9745242878977951  \n",
       "3   0.961653431909456  0.8222969873069277  0.9899694026283478  \n",
       "1  0.9360079711012371  0.7025089605734767  0.9678581700336455  \n",
       "2  0.9057685824298668  0.6191412651589643  0.9744423686028617  \n",
       "3  0.9370431190798645   0.716142270861833  0.9359262781248353  "
      ]
     },
     "execution_count": 5,
     "metadata": {},
     "output_type": "execute_result"
    }
   ],
   "source": [
    "df = pd.concat([df1, df2, df3, df4])\n",
    "df"
   ]
  },
  {
   "cell_type": "code",
   "execution_count": 6,
   "id": "072fabbe-9403-4676-8047-37aa29f78fd6",
   "metadata": {},
   "outputs": [],
   "source": [
    "df = df.drop(0, axis=0)"
   ]
  },
  {
   "cell_type": "code",
   "execution_count": 7,
   "id": "35a1b3e6-1e61-4154-bad9-f3e521383935",
   "metadata": {},
   "outputs": [],
   "source": [
    "df.rename(columns={'Unnamed: 0': 'Model', '0': 'Accuracy', '1': 'Precision', '2': 'Recall', '3': 'F1 Score', '4': 'Cohen Kappa', '5': 'AUC'}, inplace=True)"
   ]
  },
  {
   "cell_type": "code",
   "execution_count": 8,
   "id": "90b855a1-f700-41af-af22-b960335932f0",
   "metadata": {},
   "outputs": [
    {
     "data": {
      "text/html": [
       "<div>\n",
       "<style scoped>\n",
       "    .dataframe tbody tr th:only-of-type {\n",
       "        vertical-align: middle;\n",
       "    }\n",
       "\n",
       "    .dataframe tbody tr th {\n",
       "        vertical-align: top;\n",
       "    }\n",
       "\n",
       "    .dataframe thead th {\n",
       "        text-align: right;\n",
       "    }\n",
       "</style>\n",
       "<table border=\"1\" class=\"dataframe\">\n",
       "  <thead>\n",
       "    <tr style=\"text-align: right;\">\n",
       "      <th></th>\n",
       "      <th>Model</th>\n",
       "      <th>Accuracy</th>\n",
       "      <th>Precision</th>\n",
       "      <th>Recall</th>\n",
       "      <th>F1 Score</th>\n",
       "      <th>Cohen Kappa</th>\n",
       "      <th>AUC</th>\n",
       "    </tr>\n",
       "  </thead>\n",
       "  <tbody>\n",
       "    <tr>\n",
       "      <th>1</th>\n",
       "      <td>SVC</td>\n",
       "      <td>0.9457831325301205</td>\n",
       "      <td>0.9639737772267892</td>\n",
       "      <td>0.9457831325301205</td>\n",
       "      <td>0.9451795009653217</td>\n",
       "      <td>0.76096</td>\n",
       "      <td>0.9912689941023644</td>\n",
       "    </tr>\n",
       "    <tr>\n",
       "      <th>2</th>\n",
       "      <td>LR</td>\n",
       "      <td>0.9156626506024096</td>\n",
       "      <td>0.9036600949251551</td>\n",
       "      <td>0.9156626506024096</td>\n",
       "      <td>0.9057685824298668</td>\n",
       "      <td>0.6191412651589643</td>\n",
       "      <td>0.979132202251121</td>\n",
       "    </tr>\n",
       "    <tr>\n",
       "      <th>3</th>\n",
       "      <td>KNN</td>\n",
       "      <td>0.9397590361445783</td>\n",
       "      <td>0.9468003593320652</td>\n",
       "      <td>0.9397590361445783</td>\n",
       "      <td>0.9390396638098787</td>\n",
       "      <td>0.7288910664706842</td>\n",
       "      <td>0.985850393913751</td>\n",
       "    </tr>\n",
       "    <tr>\n",
       "      <th>1</th>\n",
       "      <td>SVC</td>\n",
       "      <td>0.9457831325301205</td>\n",
       "      <td>0.9639737772267892</td>\n",
       "      <td>0.9457831325301205</td>\n",
       "      <td>0.9451795009653217</td>\n",
       "      <td>0.76096</td>\n",
       "      <td>0.991605400594786</td>\n",
       "    </tr>\n",
       "    <tr>\n",
       "      <th>2</th>\n",
       "      <td>LR</td>\n",
       "      <td>0.9216867469879518</td>\n",
       "      <td>0.9418387837062534</td>\n",
       "      <td>0.9216867469879518</td>\n",
       "      <td>0.9176750317565854</td>\n",
       "      <td>0.6467506956948764</td>\n",
       "      <td>0.9802437427962638</td>\n",
       "    </tr>\n",
       "    <tr>\n",
       "      <th>3</th>\n",
       "      <td>KNN</td>\n",
       "      <td>0.9397590361445783</td>\n",
       "      <td>0.9563755020080322</td>\n",
       "      <td>0.9397590361445783</td>\n",
       "      <td>0.9392678492790282</td>\n",
       "      <td>0.7285807717462394</td>\n",
       "      <td>0.9594621198681903</td>\n",
       "    </tr>\n",
       "    <tr>\n",
       "      <th>1</th>\n",
       "      <td>SVC</td>\n",
       "      <td>0.9337349397590361</td>\n",
       "      <td>0.9597145471045235</td>\n",
       "      <td>0.9337349397590361</td>\n",
       "      <td>0.9309796443973289</td>\n",
       "      <td>0.7136584600909519</td>\n",
       "      <td>0.985991955824165</td>\n",
       "    </tr>\n",
       "    <tr>\n",
       "      <th>2</th>\n",
       "      <td>LR</td>\n",
       "      <td>0.9156626506024096</td>\n",
       "      <td>0.9056942053930005</td>\n",
       "      <td>0.9156626506024096</td>\n",
       "      <td>0.9073480093813704</td>\n",
       "      <td>0.6195776722867901</td>\n",
       "      <td>0.9745242878977951</td>\n",
       "    </tr>\n",
       "    <tr>\n",
       "      <th>3</th>\n",
       "      <td>KNN</td>\n",
       "      <td>0.9578313253012049</td>\n",
       "      <td>0.972590361445783</td>\n",
       "      <td>0.9578313253012049</td>\n",
       "      <td>0.961653431909456</td>\n",
       "      <td>0.8222969873069277</td>\n",
       "      <td>0.9899694026283478</td>\n",
       "    </tr>\n",
       "    <tr>\n",
       "      <th>1</th>\n",
       "      <td>SVC</td>\n",
       "      <td>0.9397590361445783</td>\n",
       "      <td>0.9456101432758058</td>\n",
       "      <td>0.9397590361445783</td>\n",
       "      <td>0.9360079711012371</td>\n",
       "      <td>0.7025089605734767</td>\n",
       "      <td>0.9678581700336455</td>\n",
       "    </tr>\n",
       "    <tr>\n",
       "      <th>2</th>\n",
       "      <td>LR</td>\n",
       "      <td>0.9156626506024096</td>\n",
       "      <td>0.9036600949251551</td>\n",
       "      <td>0.9156626506024096</td>\n",
       "      <td>0.9057685824298668</td>\n",
       "      <td>0.6191412651589643</td>\n",
       "      <td>0.9744423686028617</td>\n",
       "    </tr>\n",
       "    <tr>\n",
       "      <th>3</th>\n",
       "      <td>KNN</td>\n",
       "      <td>0.9397590361445783</td>\n",
       "      <td>0.9496341530505583</td>\n",
       "      <td>0.9397590361445783</td>\n",
       "      <td>0.9370431190798645</td>\n",
       "      <td>0.716142270861833</td>\n",
       "      <td>0.9359262781248353</td>\n",
       "    </tr>\n",
       "  </tbody>\n",
       "</table>\n",
       "</div>"
      ],
      "text/plain": [
       "  Model            Accuracy           Precision              Recall  \\\n",
       "1   SVC  0.9457831325301205  0.9639737772267892  0.9457831325301205   \n",
       "2    LR  0.9156626506024096  0.9036600949251551  0.9156626506024096   \n",
       "3   KNN  0.9397590361445783  0.9468003593320652  0.9397590361445783   \n",
       "1   SVC  0.9457831325301205  0.9639737772267892  0.9457831325301205   \n",
       "2    LR  0.9216867469879518  0.9418387837062534  0.9216867469879518   \n",
       "3   KNN  0.9397590361445783  0.9563755020080322  0.9397590361445783   \n",
       "1   SVC  0.9337349397590361  0.9597145471045235  0.9337349397590361   \n",
       "2    LR  0.9156626506024096  0.9056942053930005  0.9156626506024096   \n",
       "3   KNN  0.9578313253012049   0.972590361445783  0.9578313253012049   \n",
       "1   SVC  0.9397590361445783  0.9456101432758058  0.9397590361445783   \n",
       "2    LR  0.9156626506024096  0.9036600949251551  0.9156626506024096   \n",
       "3   KNN  0.9397590361445783  0.9496341530505583  0.9397590361445783   \n",
       "\n",
       "             F1 Score         Cohen Kappa                 AUC  \n",
       "1  0.9451795009653217             0.76096  0.9912689941023644  \n",
       "2  0.9057685824298668  0.6191412651589643   0.979132202251121  \n",
       "3  0.9390396638098787  0.7288910664706842   0.985850393913751  \n",
       "1  0.9451795009653217             0.76096   0.991605400594786  \n",
       "2  0.9176750317565854  0.6467506956948764  0.9802437427962638  \n",
       "3  0.9392678492790282  0.7285807717462394  0.9594621198681903  \n",
       "1  0.9309796443973289  0.7136584600909519   0.985991955824165  \n",
       "2  0.9073480093813704  0.6195776722867901  0.9745242878977951  \n",
       "3   0.961653431909456  0.8222969873069277  0.9899694026283478  \n",
       "1  0.9360079711012371  0.7025089605734767  0.9678581700336455  \n",
       "2  0.9057685824298668  0.6191412651589643  0.9744423686028617  \n",
       "3  0.9370431190798645   0.716142270861833  0.9359262781248353  "
      ]
     },
     "execution_count": 8,
     "metadata": {},
     "output_type": "execute_result"
    }
   ],
   "source": [
    "df"
   ]
  },
  {
   "cell_type": "code",
   "execution_count": 9,
   "id": "1e774346-9650-41cb-bacb-b8e4dc1f9499",
   "metadata": {},
   "outputs": [],
   "source": [
    "df = df.sort_values('Model')"
   ]
  },
  {
   "cell_type": "code",
   "execution_count": 10,
   "id": "b748ed33-684f-41fc-aefc-ffb8cfc3fe9f",
   "metadata": {},
   "outputs": [
    {
     "data": {
      "text/html": [
       "<div>\n",
       "<style scoped>\n",
       "    .dataframe tbody tr th:only-of-type {\n",
       "        vertical-align: middle;\n",
       "    }\n",
       "\n",
       "    .dataframe tbody tr th {\n",
       "        vertical-align: top;\n",
       "    }\n",
       "\n",
       "    .dataframe thead th {\n",
       "        text-align: right;\n",
       "    }\n",
       "</style>\n",
       "<table border=\"1\" class=\"dataframe\">\n",
       "  <thead>\n",
       "    <tr style=\"text-align: right;\">\n",
       "      <th></th>\n",
       "      <th>Model</th>\n",
       "      <th>Accuracy</th>\n",
       "      <th>Precision</th>\n",
       "      <th>Recall</th>\n",
       "      <th>F1 Score</th>\n",
       "      <th>Cohen Kappa</th>\n",
       "      <th>AUC</th>\n",
       "    </tr>\n",
       "  </thead>\n",
       "  <tbody>\n",
       "    <tr>\n",
       "      <th>3</th>\n",
       "      <td>KNN</td>\n",
       "      <td>0.9397590361445783</td>\n",
       "      <td>0.9468003593320652</td>\n",
       "      <td>0.9397590361445783</td>\n",
       "      <td>0.9390396638098787</td>\n",
       "      <td>0.7288910664706842</td>\n",
       "      <td>0.985850393913751</td>\n",
       "    </tr>\n",
       "    <tr>\n",
       "      <th>3</th>\n",
       "      <td>KNN</td>\n",
       "      <td>0.9397590361445783</td>\n",
       "      <td>0.9563755020080322</td>\n",
       "      <td>0.9397590361445783</td>\n",
       "      <td>0.9392678492790282</td>\n",
       "      <td>0.7285807717462394</td>\n",
       "      <td>0.9594621198681903</td>\n",
       "    </tr>\n",
       "    <tr>\n",
       "      <th>3</th>\n",
       "      <td>KNN</td>\n",
       "      <td>0.9578313253012049</td>\n",
       "      <td>0.972590361445783</td>\n",
       "      <td>0.9578313253012049</td>\n",
       "      <td>0.961653431909456</td>\n",
       "      <td>0.8222969873069277</td>\n",
       "      <td>0.9899694026283478</td>\n",
       "    </tr>\n",
       "    <tr>\n",
       "      <th>3</th>\n",
       "      <td>KNN</td>\n",
       "      <td>0.9397590361445783</td>\n",
       "      <td>0.9496341530505583</td>\n",
       "      <td>0.9397590361445783</td>\n",
       "      <td>0.9370431190798645</td>\n",
       "      <td>0.716142270861833</td>\n",
       "      <td>0.9359262781248353</td>\n",
       "    </tr>\n",
       "    <tr>\n",
       "      <th>2</th>\n",
       "      <td>LR</td>\n",
       "      <td>0.9156626506024096</td>\n",
       "      <td>0.9036600949251551</td>\n",
       "      <td>0.9156626506024096</td>\n",
       "      <td>0.9057685824298668</td>\n",
       "      <td>0.6191412651589643</td>\n",
       "      <td>0.979132202251121</td>\n",
       "    </tr>\n",
       "    <tr>\n",
       "      <th>2</th>\n",
       "      <td>LR</td>\n",
       "      <td>0.9216867469879518</td>\n",
       "      <td>0.9418387837062534</td>\n",
       "      <td>0.9216867469879518</td>\n",
       "      <td>0.9176750317565854</td>\n",
       "      <td>0.6467506956948764</td>\n",
       "      <td>0.9802437427962638</td>\n",
       "    </tr>\n",
       "    <tr>\n",
       "      <th>2</th>\n",
       "      <td>LR</td>\n",
       "      <td>0.9156626506024096</td>\n",
       "      <td>0.9056942053930005</td>\n",
       "      <td>0.9156626506024096</td>\n",
       "      <td>0.9073480093813704</td>\n",
       "      <td>0.6195776722867901</td>\n",
       "      <td>0.9745242878977951</td>\n",
       "    </tr>\n",
       "    <tr>\n",
       "      <th>2</th>\n",
       "      <td>LR</td>\n",
       "      <td>0.9156626506024096</td>\n",
       "      <td>0.9036600949251551</td>\n",
       "      <td>0.9156626506024096</td>\n",
       "      <td>0.9057685824298668</td>\n",
       "      <td>0.6191412651589643</td>\n",
       "      <td>0.9744423686028617</td>\n",
       "    </tr>\n",
       "    <tr>\n",
       "      <th>1</th>\n",
       "      <td>SVC</td>\n",
       "      <td>0.9457831325301205</td>\n",
       "      <td>0.9639737772267892</td>\n",
       "      <td>0.9457831325301205</td>\n",
       "      <td>0.9451795009653217</td>\n",
       "      <td>0.76096</td>\n",
       "      <td>0.9912689941023644</td>\n",
       "    </tr>\n",
       "    <tr>\n",
       "      <th>1</th>\n",
       "      <td>SVC</td>\n",
       "      <td>0.9457831325301205</td>\n",
       "      <td>0.9639737772267892</td>\n",
       "      <td>0.9457831325301205</td>\n",
       "      <td>0.9451795009653217</td>\n",
       "      <td>0.76096</td>\n",
       "      <td>0.991605400594786</td>\n",
       "    </tr>\n",
       "    <tr>\n",
       "      <th>1</th>\n",
       "      <td>SVC</td>\n",
       "      <td>0.9337349397590361</td>\n",
       "      <td>0.9597145471045235</td>\n",
       "      <td>0.9337349397590361</td>\n",
       "      <td>0.9309796443973289</td>\n",
       "      <td>0.7136584600909519</td>\n",
       "      <td>0.985991955824165</td>\n",
       "    </tr>\n",
       "    <tr>\n",
       "      <th>1</th>\n",
       "      <td>SVC</td>\n",
       "      <td>0.9397590361445783</td>\n",
       "      <td>0.9456101432758058</td>\n",
       "      <td>0.9397590361445783</td>\n",
       "      <td>0.9360079711012371</td>\n",
       "      <td>0.7025089605734767</td>\n",
       "      <td>0.9678581700336455</td>\n",
       "    </tr>\n",
       "  </tbody>\n",
       "</table>\n",
       "</div>"
      ],
      "text/plain": [
       "  Model            Accuracy           Precision              Recall  \\\n",
       "3   KNN  0.9397590361445783  0.9468003593320652  0.9397590361445783   \n",
       "3   KNN  0.9397590361445783  0.9563755020080322  0.9397590361445783   \n",
       "3   KNN  0.9578313253012049   0.972590361445783  0.9578313253012049   \n",
       "3   KNN  0.9397590361445783  0.9496341530505583  0.9397590361445783   \n",
       "2    LR  0.9156626506024096  0.9036600949251551  0.9156626506024096   \n",
       "2    LR  0.9216867469879518  0.9418387837062534  0.9216867469879518   \n",
       "2    LR  0.9156626506024096  0.9056942053930005  0.9156626506024096   \n",
       "2    LR  0.9156626506024096  0.9036600949251551  0.9156626506024096   \n",
       "1   SVC  0.9457831325301205  0.9639737772267892  0.9457831325301205   \n",
       "1   SVC  0.9457831325301205  0.9639737772267892  0.9457831325301205   \n",
       "1   SVC  0.9337349397590361  0.9597145471045235  0.9337349397590361   \n",
       "1   SVC  0.9397590361445783  0.9456101432758058  0.9397590361445783   \n",
       "\n",
       "             F1 Score         Cohen Kappa                 AUC  \n",
       "3  0.9390396638098787  0.7288910664706842   0.985850393913751  \n",
       "3  0.9392678492790282  0.7285807717462394  0.9594621198681903  \n",
       "3   0.961653431909456  0.8222969873069277  0.9899694026283478  \n",
       "3  0.9370431190798645   0.716142270861833  0.9359262781248353  \n",
       "2  0.9057685824298668  0.6191412651589643   0.979132202251121  \n",
       "2  0.9176750317565854  0.6467506956948764  0.9802437427962638  \n",
       "2  0.9073480093813704  0.6195776722867901  0.9745242878977951  \n",
       "2  0.9057685824298668  0.6191412651589643  0.9744423686028617  \n",
       "1  0.9451795009653217             0.76096  0.9912689941023644  \n",
       "1  0.9451795009653217             0.76096   0.991605400594786  \n",
       "1  0.9309796443973289  0.7136584600909519   0.985991955824165  \n",
       "1  0.9360079711012371  0.7025089605734767  0.9678581700336455  "
      ]
     },
     "execution_count": 10,
     "metadata": {},
     "output_type": "execute_result"
    }
   ],
   "source": [
    "df"
   ]
  },
  {
   "cell_type": "code",
   "execution_count": 11,
   "id": "4863d2b9-0988-4f6d-acd0-5af4e47a4911",
   "metadata": {},
   "outputs": [],
   "source": [
    "df.to_csv('LMCH EI 80-20 Applying IG.csv', index=False)"
   ]
  },
  {
   "cell_type": "code",
   "execution_count": null,
   "id": "2dd815a3-d2e1-4269-8c86-c20afbf53650",
   "metadata": {},
   "outputs": [],
   "source": []
  }
 ],
 "metadata": {
  "kernelspec": {
   "display_name": "Python 3 (ipykernel)",
   "language": "python",
   "name": "python3"
  },
  "language_info": {
   "codemirror_mode": {
    "name": "ipython",
    "version": 3
   },
   "file_extension": ".py",
   "mimetype": "text/x-python",
   "name": "python",
   "nbconvert_exporter": "python",
   "pygments_lexer": "ipython3",
   "version": "3.9.12"
  }
 },
 "nbformat": 4,
 "nbformat_minor": 5
}
