{
 "cells": [
  {
   "cell_type": "code",
   "execution_count": 12,
   "id": "42e8a043-34dc-43cf-b822-b36cf4b2d12a",
   "metadata": {},
   "outputs": [],
   "source": [
    "import pandas as pd"
   ]
  },
  {
   "cell_type": "code",
   "execution_count": 13,
   "id": "f3d0c1a4-9fed-4528-99d0-b103fe69bcb3",
   "metadata": {},
   "outputs": [],
   "source": [
    "df1 = pd.read_csv('Without Yeo Johnson 70-30 Applying Hyperparameter IG Top 4 features.csv')\n",
    "df2 = pd.read_csv('Without Yeo Johnson 70-30 Applying Hyperparameter IG Top 5 features.csv')\n",
    "df3 = pd.read_csv('Without Yeo Johnson 70-30 Applying Hyperparameter IG Top 7 features.csv')\n",
    "df4 = pd.read_csv('Without Yeo Johnson 70-30 Applying Hyperparameter IG Top 9 features.csv')"
   ]
  },
  {
   "cell_type": "code",
   "execution_count": 14,
   "id": "96dfaa5c-349a-4a1b-8b9a-fbab5c65ec5c",
   "metadata": {},
   "outputs": [
    {
     "data": {
      "text/html": [
       "<div>\n",
       "<style scoped>\n",
       "    .dataframe tbody tr th:only-of-type {\n",
       "        vertical-align: middle;\n",
       "    }\n",
       "\n",
       "    .dataframe tbody tr th {\n",
       "        vertical-align: top;\n",
       "    }\n",
       "\n",
       "    .dataframe thead th {\n",
       "        text-align: right;\n",
       "    }\n",
       "</style>\n",
       "<table border=\"1\" class=\"dataframe\">\n",
       "  <thead>\n",
       "    <tr style=\"text-align: right;\">\n",
       "      <th></th>\n",
       "      <th>Unnamed: 0</th>\n",
       "      <th>0</th>\n",
       "      <th>1</th>\n",
       "      <th>2</th>\n",
       "      <th>3</th>\n",
       "      <th>4</th>\n",
       "      <th>5</th>\n",
       "    </tr>\n",
       "  </thead>\n",
       "  <tbody>\n",
       "    <tr>\n",
       "      <th>0</th>\n",
       "      <td>Metrics</td>\n",
       "      <td>Accuracy</td>\n",
       "      <td>Precision</td>\n",
       "      <td>Recall</td>\n",
       "      <td>F1 Score</td>\n",
       "      <td>Cohen Kappa</td>\n",
       "      <td>AUC</td>\n",
       "    </tr>\n",
       "    <tr>\n",
       "      <th>1</th>\n",
       "      <td>SVC</td>\n",
       "      <td>0.9376890502117362</td>\n",
       "      <td>0.9549396448729041</td>\n",
       "      <td>0.9475806451612904</td>\n",
       "      <td>0.9470534928131183</td>\n",
       "      <td>0.7651515151515151</td>\n",
       "      <td>0.9638597608051601</td>\n",
       "    </tr>\n",
       "    <tr>\n",
       "      <th>2</th>\n",
       "      <td>LR</td>\n",
       "      <td>0.9135511191772535</td>\n",
       "      <td>0.9370061265316328</td>\n",
       "      <td>0.9395161290322581</td>\n",
       "      <td>0.9358399550757008</td>\n",
       "      <td>0.7328162034044388</td>\n",
       "      <td>0.9760133137237909</td>\n",
       "    </tr>\n",
       "    <tr>\n",
       "      <th>3</th>\n",
       "      <td>KNN</td>\n",
       "      <td>0.9412280701754387</td>\n",
       "      <td>0.9646057347670252</td>\n",
       "      <td>0.9596774193548387</td>\n",
       "      <td>0.9597324692813461</td>\n",
       "      <td>0.8195576251455181</td>\n",
       "      <td>0.9902107624305637</td>\n",
       "    </tr>\n",
       "  </tbody>\n",
       "</table>\n",
       "</div>"
      ],
      "text/plain": [
       "  Unnamed: 0                   0                   1                   2  \\\n",
       "0    Metrics            Accuracy           Precision              Recall   \n",
       "1        SVC  0.9376890502117362  0.9549396448729041  0.9475806451612904   \n",
       "2         LR  0.9135511191772535  0.9370061265316328  0.9395161290322581   \n",
       "3        KNN  0.9412280701754387  0.9646057347670252  0.9596774193548387   \n",
       "\n",
       "                    3                   4                   5  \n",
       "0            F1 Score         Cohen Kappa                 AUC  \n",
       "1  0.9470534928131183  0.7651515151515151  0.9638597608051601  \n",
       "2  0.9358399550757008  0.7328162034044388  0.9760133137237909  \n",
       "3  0.9597324692813461  0.8195576251455181  0.9902107624305637  "
      ]
     },
     "execution_count": 14,
     "metadata": {},
     "output_type": "execute_result"
    }
   ],
   "source": [
    "df4"
   ]
  },
  {
   "cell_type": "code",
   "execution_count": 15,
   "id": "24110537-6381-4188-bbf7-bf76a13c00ac",
   "metadata": {},
   "outputs": [
    {
     "data": {
      "text/html": [
       "<div>\n",
       "<style scoped>\n",
       "    .dataframe tbody tr th:only-of-type {\n",
       "        vertical-align: middle;\n",
       "    }\n",
       "\n",
       "    .dataframe tbody tr th {\n",
       "        vertical-align: top;\n",
       "    }\n",
       "\n",
       "    .dataframe thead th {\n",
       "        text-align: right;\n",
       "    }\n",
       "</style>\n",
       "<table border=\"1\" class=\"dataframe\">\n",
       "  <thead>\n",
       "    <tr style=\"text-align: right;\">\n",
       "      <th></th>\n",
       "      <th>Unnamed: 0</th>\n",
       "      <th>0</th>\n",
       "      <th>1</th>\n",
       "      <th>2</th>\n",
       "      <th>3</th>\n",
       "      <th>4</th>\n",
       "      <th>5</th>\n",
       "    </tr>\n",
       "  </thead>\n",
       "  <tbody>\n",
       "    <tr>\n",
       "      <th>1</th>\n",
       "      <td>SVC</td>\n",
       "      <td>0.9447065940713854</td>\n",
       "      <td>0.9761077122728958</td>\n",
       "      <td>0.9717741935483871</td>\n",
       "      <td>0.9725877698007404</td>\n",
       "      <td>0.8791170531300049</td>\n",
       "      <td>0.9956644687154611</td>\n",
       "    </tr>\n",
       "    <tr>\n",
       "      <th>2</th>\n",
       "      <td>LR</td>\n",
       "      <td>0.904930429522081</td>\n",
       "      <td>0.9245061265316329</td>\n",
       "      <td>0.9395161290322581</td>\n",
       "      <td>0.9295698481284789</td>\n",
       "      <td>0.7318918918918919</td>\n",
       "      <td>0.9694566765013001</td>\n",
       "    </tr>\n",
       "    <tr>\n",
       "      <th>3</th>\n",
       "      <td>KNN</td>\n",
       "      <td>0.9343617664851784</td>\n",
       "      <td>0.9700124927102034</td>\n",
       "      <td>0.967741935483871</td>\n",
       "      <td>0.9679015043169659</td>\n",
       "      <td>0.8537412458532989</td>\n",
       "      <td>0.9946164621253294</td>\n",
       "    </tr>\n",
       "  </tbody>\n",
       "</table>\n",
       "</div>"
      ],
      "text/plain": [
       "  Unnamed: 0                   0                   1                   2  \\\n",
       "1        SVC  0.9447065940713854  0.9761077122728958  0.9717741935483871   \n",
       "2         LR   0.904930429522081  0.9245061265316329  0.9395161290322581   \n",
       "3        KNN  0.9343617664851784  0.9700124927102034   0.967741935483871   \n",
       "\n",
       "                    3                   4                   5  \n",
       "1  0.9725877698007404  0.8791170531300049  0.9956644687154611  \n",
       "2  0.9295698481284789  0.7318918918918919  0.9694566765013001  \n",
       "3  0.9679015043169659  0.8537412458532989  0.9946164621253294  "
      ]
     },
     "execution_count": 15,
     "metadata": {},
     "output_type": "execute_result"
    }
   ],
   "source": [
    "df2 = df2.drop(0, axis=0)\n",
    "df3 = df3.drop(0, axis=0)\n",
    "df4 = df4.drop(0, axis=0)\n",
    "df2"
   ]
  },
  {
   "cell_type": "code",
   "execution_count": 16,
   "id": "18e576c3-2e93-4c37-b3bd-594bbd25fb88",
   "metadata": {},
   "outputs": [
    {
     "data": {
      "text/html": [
       "<div>\n",
       "<style scoped>\n",
       "    .dataframe tbody tr th:only-of-type {\n",
       "        vertical-align: middle;\n",
       "    }\n",
       "\n",
       "    .dataframe tbody tr th {\n",
       "        vertical-align: top;\n",
       "    }\n",
       "\n",
       "    .dataframe thead th {\n",
       "        text-align: right;\n",
       "    }\n",
       "</style>\n",
       "<table border=\"1\" class=\"dataframe\">\n",
       "  <thead>\n",
       "    <tr style=\"text-align: right;\">\n",
       "      <th></th>\n",
       "      <th>Unnamed: 0</th>\n",
       "      <th>0</th>\n",
       "      <th>1</th>\n",
       "      <th>2</th>\n",
       "      <th>3</th>\n",
       "      <th>4</th>\n",
       "      <th>5</th>\n",
       "    </tr>\n",
       "  </thead>\n",
       "  <tbody>\n",
       "    <tr>\n",
       "      <th>0</th>\n",
       "      <td>Metrics</td>\n",
       "      <td>Accuracy</td>\n",
       "      <td>Precision</td>\n",
       "      <td>Recall</td>\n",
       "      <td>F1 Score</td>\n",
       "      <td>Cohen Kappa</td>\n",
       "      <td>AUC</td>\n",
       "    </tr>\n",
       "    <tr>\n",
       "      <th>1</th>\n",
       "      <td>SVC</td>\n",
       "      <td>0.9481851179673322</td>\n",
       "      <td>0.9742525876796302</td>\n",
       "      <td>0.967741935483871</td>\n",
       "      <td>0.9678443365486884</td>\n",
       "      <td>0.859629262770624</td>\n",
       "      <td>0.9949207267839908</td>\n",
       "    </tr>\n",
       "    <tr>\n",
       "      <th>2</th>\n",
       "      <td>LR</td>\n",
       "      <td>0.9066545674531156</td>\n",
       "      <td>0.9348355328204978</td>\n",
       "      <td>0.9354838709677419</td>\n",
       "      <td>0.9323924731182796</td>\n",
       "      <td>0.7189403598243377</td>\n",
       "      <td>0.9806116454904993</td>\n",
       "    </tr>\n",
       "    <tr>\n",
       "      <th>3</th>\n",
       "      <td>KNN</td>\n",
       "      <td>0.9309134906231094</td>\n",
       "      <td>0.9672381613068397</td>\n",
       "      <td>0.9637096774193549</td>\n",
       "      <td>0.9633179964270063</td>\n",
       "      <td>0.8352645951730755</td>\n",
       "      <td>0.9926904803983257</td>\n",
       "    </tr>\n",
       "    <tr>\n",
       "      <th>1</th>\n",
       "      <td>SVC</td>\n",
       "      <td>0.9447065940713854</td>\n",
       "      <td>0.9761077122728958</td>\n",
       "      <td>0.9717741935483871</td>\n",
       "      <td>0.9725877698007404</td>\n",
       "      <td>0.8791170531300049</td>\n",
       "      <td>0.9956644687154611</td>\n",
       "    </tr>\n",
       "    <tr>\n",
       "      <th>2</th>\n",
       "      <td>LR</td>\n",
       "      <td>0.904930429522081</td>\n",
       "      <td>0.9245061265316329</td>\n",
       "      <td>0.9395161290322581</td>\n",
       "      <td>0.9295698481284789</td>\n",
       "      <td>0.7318918918918919</td>\n",
       "      <td>0.9694566765013001</td>\n",
       "    </tr>\n",
       "    <tr>\n",
       "      <th>3</th>\n",
       "      <td>KNN</td>\n",
       "      <td>0.9343617664851784</td>\n",
       "      <td>0.9700124927102034</td>\n",
       "      <td>0.967741935483871</td>\n",
       "      <td>0.9679015043169659</td>\n",
       "      <td>0.8537412458532989</td>\n",
       "      <td>0.9946164621253294</td>\n",
       "    </tr>\n",
       "    <tr>\n",
       "      <th>1</th>\n",
       "      <td>SVC</td>\n",
       "      <td>0.9429824561403508</td>\n",
       "      <td>0.9711419051946086</td>\n",
       "      <td>0.9637096774193549</td>\n",
       "      <td>0.9652704423698185</td>\n",
       "      <td>0.8444057162774485</td>\n",
       "      <td>0.9893704541157731</td>\n",
       "    </tr>\n",
       "    <tr>\n",
       "      <th>2</th>\n",
       "      <td>LR</td>\n",
       "      <td>0.9187840290381126</td>\n",
       "      <td>0.9370061265316328</td>\n",
       "      <td>0.9395161290322581</td>\n",
       "      <td>0.9358399550757008</td>\n",
       "      <td>0.7328162034044388</td>\n",
       "      <td>0.9756532382669324</td>\n",
       "    </tr>\n",
       "    <tr>\n",
       "      <th>3</th>\n",
       "      <td>KNN</td>\n",
       "      <td>0.9360556563823353</td>\n",
       "      <td>0.9629923105776443</td>\n",
       "      <td>0.9596774193548387</td>\n",
       "      <td>0.9600144907847665</td>\n",
       "      <td>0.8222859190254389</td>\n",
       "      <td>0.9933512420464309</td>\n",
       "    </tr>\n",
       "    <tr>\n",
       "      <th>1</th>\n",
       "      <td>SVC</td>\n",
       "      <td>0.9376890502117362</td>\n",
       "      <td>0.9549396448729041</td>\n",
       "      <td>0.9475806451612904</td>\n",
       "      <td>0.9470534928131183</td>\n",
       "      <td>0.7651515151515151</td>\n",
       "      <td>0.9638597608051601</td>\n",
       "    </tr>\n",
       "    <tr>\n",
       "      <th>2</th>\n",
       "      <td>LR</td>\n",
       "      <td>0.9135511191772535</td>\n",
       "      <td>0.9370061265316328</td>\n",
       "      <td>0.9395161290322581</td>\n",
       "      <td>0.9358399550757008</td>\n",
       "      <td>0.7328162034044388</td>\n",
       "      <td>0.9760133137237909</td>\n",
       "    </tr>\n",
       "    <tr>\n",
       "      <th>3</th>\n",
       "      <td>KNN</td>\n",
       "      <td>0.9412280701754387</td>\n",
       "      <td>0.9646057347670252</td>\n",
       "      <td>0.9596774193548387</td>\n",
       "      <td>0.9597324692813461</td>\n",
       "      <td>0.8195576251455181</td>\n",
       "      <td>0.9902107624305637</td>\n",
       "    </tr>\n",
       "  </tbody>\n",
       "</table>\n",
       "</div>"
      ],
      "text/plain": [
       "  Unnamed: 0                   0                   1                   2  \\\n",
       "0    Metrics            Accuracy           Precision              Recall   \n",
       "1        SVC  0.9481851179673322  0.9742525876796302   0.967741935483871   \n",
       "2         LR  0.9066545674531156  0.9348355328204978  0.9354838709677419   \n",
       "3        KNN  0.9309134906231094  0.9672381613068397  0.9637096774193549   \n",
       "1        SVC  0.9447065940713854  0.9761077122728958  0.9717741935483871   \n",
       "2         LR   0.904930429522081  0.9245061265316329  0.9395161290322581   \n",
       "3        KNN  0.9343617664851784  0.9700124927102034   0.967741935483871   \n",
       "1        SVC  0.9429824561403508  0.9711419051946086  0.9637096774193549   \n",
       "2         LR  0.9187840290381126  0.9370061265316328  0.9395161290322581   \n",
       "3        KNN  0.9360556563823353  0.9629923105776443  0.9596774193548387   \n",
       "1        SVC  0.9376890502117362  0.9549396448729041  0.9475806451612904   \n",
       "2         LR  0.9135511191772535  0.9370061265316328  0.9395161290322581   \n",
       "3        KNN  0.9412280701754387  0.9646057347670252  0.9596774193548387   \n",
       "\n",
       "                    3                   4                   5  \n",
       "0            F1 Score         Cohen Kappa                 AUC  \n",
       "1  0.9678443365486884   0.859629262770624  0.9949207267839908  \n",
       "2  0.9323924731182796  0.7189403598243377  0.9806116454904993  \n",
       "3  0.9633179964270063  0.8352645951730755  0.9926904803983257  \n",
       "1  0.9725877698007404  0.8791170531300049  0.9956644687154611  \n",
       "2  0.9295698481284789  0.7318918918918919  0.9694566765013001  \n",
       "3  0.9679015043169659  0.8537412458532989  0.9946164621253294  \n",
       "1  0.9652704423698185  0.8444057162774485  0.9893704541157731  \n",
       "2  0.9358399550757008  0.7328162034044388  0.9756532382669324  \n",
       "3  0.9600144907847665  0.8222859190254389  0.9933512420464309  \n",
       "1  0.9470534928131183  0.7651515151515151  0.9638597608051601  \n",
       "2  0.9358399550757008  0.7328162034044388  0.9760133137237909  \n",
       "3  0.9597324692813461  0.8195576251455181  0.9902107624305637  "
      ]
     },
     "execution_count": 16,
     "metadata": {},
     "output_type": "execute_result"
    }
   ],
   "source": [
    "df = pd.concat([df1, df2, df3, df4])\n",
    "df"
   ]
  },
  {
   "cell_type": "code",
   "execution_count": 17,
   "id": "072fabbe-9403-4676-8047-37aa29f78fd6",
   "metadata": {},
   "outputs": [],
   "source": [
    "df = df.drop(0, axis=0)"
   ]
  },
  {
   "cell_type": "code",
   "execution_count": 18,
   "id": "35a1b3e6-1e61-4154-bad9-f3e521383935",
   "metadata": {},
   "outputs": [],
   "source": [
    "df.rename(columns={'Unnamed: 0': 'Model', '0': 'Accuracy', '1': 'Precision', '2': 'Recall', '3': 'F1 Score', '4': 'Cohen Kappa', '5': 'AUC'}, inplace=True)"
   ]
  },
  {
   "cell_type": "code",
   "execution_count": 19,
   "id": "90b855a1-f700-41af-af22-b960335932f0",
   "metadata": {},
   "outputs": [
    {
     "data": {
      "text/html": [
       "<div>\n",
       "<style scoped>\n",
       "    .dataframe tbody tr th:only-of-type {\n",
       "        vertical-align: middle;\n",
       "    }\n",
       "\n",
       "    .dataframe tbody tr th {\n",
       "        vertical-align: top;\n",
       "    }\n",
       "\n",
       "    .dataframe thead th {\n",
       "        text-align: right;\n",
       "    }\n",
       "</style>\n",
       "<table border=\"1\" class=\"dataframe\">\n",
       "  <thead>\n",
       "    <tr style=\"text-align: right;\">\n",
       "      <th></th>\n",
       "      <th>Model</th>\n",
       "      <th>Accuracy</th>\n",
       "      <th>Precision</th>\n",
       "      <th>Recall</th>\n",
       "      <th>F1 Score</th>\n",
       "      <th>Cohen Kappa</th>\n",
       "      <th>AUC</th>\n",
       "    </tr>\n",
       "  </thead>\n",
       "  <tbody>\n",
       "    <tr>\n",
       "      <th>1</th>\n",
       "      <td>SVC</td>\n",
       "      <td>0.9481851179673322</td>\n",
       "      <td>0.9742525876796302</td>\n",
       "      <td>0.967741935483871</td>\n",
       "      <td>0.9678443365486884</td>\n",
       "      <td>0.859629262770624</td>\n",
       "      <td>0.9949207267839908</td>\n",
       "    </tr>\n",
       "    <tr>\n",
       "      <th>2</th>\n",
       "      <td>LR</td>\n",
       "      <td>0.9066545674531156</td>\n",
       "      <td>0.9348355328204978</td>\n",
       "      <td>0.9354838709677419</td>\n",
       "      <td>0.9323924731182796</td>\n",
       "      <td>0.7189403598243377</td>\n",
       "      <td>0.9806116454904993</td>\n",
       "    </tr>\n",
       "    <tr>\n",
       "      <th>3</th>\n",
       "      <td>KNN</td>\n",
       "      <td>0.9309134906231094</td>\n",
       "      <td>0.9672381613068397</td>\n",
       "      <td>0.9637096774193549</td>\n",
       "      <td>0.9633179964270063</td>\n",
       "      <td>0.8352645951730755</td>\n",
       "      <td>0.9926904803983257</td>\n",
       "    </tr>\n",
       "    <tr>\n",
       "      <th>1</th>\n",
       "      <td>SVC</td>\n",
       "      <td>0.9447065940713854</td>\n",
       "      <td>0.9761077122728958</td>\n",
       "      <td>0.9717741935483871</td>\n",
       "      <td>0.9725877698007404</td>\n",
       "      <td>0.8791170531300049</td>\n",
       "      <td>0.9956644687154611</td>\n",
       "    </tr>\n",
       "    <tr>\n",
       "      <th>2</th>\n",
       "      <td>LR</td>\n",
       "      <td>0.904930429522081</td>\n",
       "      <td>0.9245061265316329</td>\n",
       "      <td>0.9395161290322581</td>\n",
       "      <td>0.9295698481284789</td>\n",
       "      <td>0.7318918918918919</td>\n",
       "      <td>0.9694566765013001</td>\n",
       "    </tr>\n",
       "    <tr>\n",
       "      <th>3</th>\n",
       "      <td>KNN</td>\n",
       "      <td>0.9343617664851784</td>\n",
       "      <td>0.9700124927102034</td>\n",
       "      <td>0.967741935483871</td>\n",
       "      <td>0.9679015043169659</td>\n",
       "      <td>0.8537412458532989</td>\n",
       "      <td>0.9946164621253294</td>\n",
       "    </tr>\n",
       "    <tr>\n",
       "      <th>1</th>\n",
       "      <td>SVC</td>\n",
       "      <td>0.9429824561403508</td>\n",
       "      <td>0.9711419051946086</td>\n",
       "      <td>0.9637096774193549</td>\n",
       "      <td>0.9652704423698185</td>\n",
       "      <td>0.8444057162774485</td>\n",
       "      <td>0.9893704541157731</td>\n",
       "    </tr>\n",
       "    <tr>\n",
       "      <th>2</th>\n",
       "      <td>LR</td>\n",
       "      <td>0.9187840290381126</td>\n",
       "      <td>0.9370061265316328</td>\n",
       "      <td>0.9395161290322581</td>\n",
       "      <td>0.9358399550757008</td>\n",
       "      <td>0.7328162034044388</td>\n",
       "      <td>0.9756532382669324</td>\n",
       "    </tr>\n",
       "    <tr>\n",
       "      <th>3</th>\n",
       "      <td>KNN</td>\n",
       "      <td>0.9360556563823353</td>\n",
       "      <td>0.9629923105776443</td>\n",
       "      <td>0.9596774193548387</td>\n",
       "      <td>0.9600144907847665</td>\n",
       "      <td>0.8222859190254389</td>\n",
       "      <td>0.9933512420464309</td>\n",
       "    </tr>\n",
       "    <tr>\n",
       "      <th>1</th>\n",
       "      <td>SVC</td>\n",
       "      <td>0.9376890502117362</td>\n",
       "      <td>0.9549396448729041</td>\n",
       "      <td>0.9475806451612904</td>\n",
       "      <td>0.9470534928131183</td>\n",
       "      <td>0.7651515151515151</td>\n",
       "      <td>0.9638597608051601</td>\n",
       "    </tr>\n",
       "    <tr>\n",
       "      <th>2</th>\n",
       "      <td>LR</td>\n",
       "      <td>0.9135511191772535</td>\n",
       "      <td>0.9370061265316328</td>\n",
       "      <td>0.9395161290322581</td>\n",
       "      <td>0.9358399550757008</td>\n",
       "      <td>0.7328162034044388</td>\n",
       "      <td>0.9760133137237909</td>\n",
       "    </tr>\n",
       "    <tr>\n",
       "      <th>3</th>\n",
       "      <td>KNN</td>\n",
       "      <td>0.9412280701754387</td>\n",
       "      <td>0.9646057347670252</td>\n",
       "      <td>0.9596774193548387</td>\n",
       "      <td>0.9597324692813461</td>\n",
       "      <td>0.8195576251455181</td>\n",
       "      <td>0.9902107624305637</td>\n",
       "    </tr>\n",
       "  </tbody>\n",
       "</table>\n",
       "</div>"
      ],
      "text/plain": [
       "  Model            Accuracy           Precision              Recall  \\\n",
       "1   SVC  0.9481851179673322  0.9742525876796302   0.967741935483871   \n",
       "2    LR  0.9066545674531156  0.9348355328204978  0.9354838709677419   \n",
       "3   KNN  0.9309134906231094  0.9672381613068397  0.9637096774193549   \n",
       "1   SVC  0.9447065940713854  0.9761077122728958  0.9717741935483871   \n",
       "2    LR   0.904930429522081  0.9245061265316329  0.9395161290322581   \n",
       "3   KNN  0.9343617664851784  0.9700124927102034   0.967741935483871   \n",
       "1   SVC  0.9429824561403508  0.9711419051946086  0.9637096774193549   \n",
       "2    LR  0.9187840290381126  0.9370061265316328  0.9395161290322581   \n",
       "3   KNN  0.9360556563823353  0.9629923105776443  0.9596774193548387   \n",
       "1   SVC  0.9376890502117362  0.9549396448729041  0.9475806451612904   \n",
       "2    LR  0.9135511191772535  0.9370061265316328  0.9395161290322581   \n",
       "3   KNN  0.9412280701754387  0.9646057347670252  0.9596774193548387   \n",
       "\n",
       "             F1 Score         Cohen Kappa                 AUC  \n",
       "1  0.9678443365486884   0.859629262770624  0.9949207267839908  \n",
       "2  0.9323924731182796  0.7189403598243377  0.9806116454904993  \n",
       "3  0.9633179964270063  0.8352645951730755  0.9926904803983257  \n",
       "1  0.9725877698007404  0.8791170531300049  0.9956644687154611  \n",
       "2  0.9295698481284789  0.7318918918918919  0.9694566765013001  \n",
       "3  0.9679015043169659  0.8537412458532989  0.9946164621253294  \n",
       "1  0.9652704423698185  0.8444057162774485  0.9893704541157731  \n",
       "2  0.9358399550757008  0.7328162034044388  0.9756532382669324  \n",
       "3  0.9600144907847665  0.8222859190254389  0.9933512420464309  \n",
       "1  0.9470534928131183  0.7651515151515151  0.9638597608051601  \n",
       "2  0.9358399550757008  0.7328162034044388  0.9760133137237909  \n",
       "3  0.9597324692813461  0.8195576251455181  0.9902107624305637  "
      ]
     },
     "execution_count": 19,
     "metadata": {},
     "output_type": "execute_result"
    }
   ],
   "source": [
    "df"
   ]
  },
  {
   "cell_type": "code",
   "execution_count": 20,
   "id": "1e774346-9650-41cb-bacb-b8e4dc1f9499",
   "metadata": {},
   "outputs": [],
   "source": [
    "df = df.sort_values('Model')"
   ]
  },
  {
   "cell_type": "code",
   "execution_count": 21,
   "id": "b748ed33-684f-41fc-aefc-ffb8cfc3fe9f",
   "metadata": {},
   "outputs": [
    {
     "data": {
      "text/html": [
       "<div>\n",
       "<style scoped>\n",
       "    .dataframe tbody tr th:only-of-type {\n",
       "        vertical-align: middle;\n",
       "    }\n",
       "\n",
       "    .dataframe tbody tr th {\n",
       "        vertical-align: top;\n",
       "    }\n",
       "\n",
       "    .dataframe thead th {\n",
       "        text-align: right;\n",
       "    }\n",
       "</style>\n",
       "<table border=\"1\" class=\"dataframe\">\n",
       "  <thead>\n",
       "    <tr style=\"text-align: right;\">\n",
       "      <th></th>\n",
       "      <th>Model</th>\n",
       "      <th>Accuracy</th>\n",
       "      <th>Precision</th>\n",
       "      <th>Recall</th>\n",
       "      <th>F1 Score</th>\n",
       "      <th>Cohen Kappa</th>\n",
       "      <th>AUC</th>\n",
       "    </tr>\n",
       "  </thead>\n",
       "  <tbody>\n",
       "    <tr>\n",
       "      <th>3</th>\n",
       "      <td>KNN</td>\n",
       "      <td>0.9309134906231094</td>\n",
       "      <td>0.9672381613068397</td>\n",
       "      <td>0.9637096774193549</td>\n",
       "      <td>0.9633179964270063</td>\n",
       "      <td>0.8352645951730755</td>\n",
       "      <td>0.9926904803983257</td>\n",
       "    </tr>\n",
       "    <tr>\n",
       "      <th>3</th>\n",
       "      <td>KNN</td>\n",
       "      <td>0.9343617664851784</td>\n",
       "      <td>0.9700124927102034</td>\n",
       "      <td>0.967741935483871</td>\n",
       "      <td>0.9679015043169659</td>\n",
       "      <td>0.8537412458532989</td>\n",
       "      <td>0.9946164621253294</td>\n",
       "    </tr>\n",
       "    <tr>\n",
       "      <th>3</th>\n",
       "      <td>KNN</td>\n",
       "      <td>0.9360556563823353</td>\n",
       "      <td>0.9629923105776443</td>\n",
       "      <td>0.9596774193548387</td>\n",
       "      <td>0.9600144907847665</td>\n",
       "      <td>0.8222859190254389</td>\n",
       "      <td>0.9933512420464309</td>\n",
       "    </tr>\n",
       "    <tr>\n",
       "      <th>3</th>\n",
       "      <td>KNN</td>\n",
       "      <td>0.9412280701754387</td>\n",
       "      <td>0.9646057347670252</td>\n",
       "      <td>0.9596774193548387</td>\n",
       "      <td>0.9597324692813461</td>\n",
       "      <td>0.8195576251455181</td>\n",
       "      <td>0.9902107624305637</td>\n",
       "    </tr>\n",
       "    <tr>\n",
       "      <th>2</th>\n",
       "      <td>LR</td>\n",
       "      <td>0.9066545674531156</td>\n",
       "      <td>0.9348355328204978</td>\n",
       "      <td>0.9354838709677419</td>\n",
       "      <td>0.9323924731182796</td>\n",
       "      <td>0.7189403598243377</td>\n",
       "      <td>0.9806116454904993</td>\n",
       "    </tr>\n",
       "    <tr>\n",
       "      <th>2</th>\n",
       "      <td>LR</td>\n",
       "      <td>0.904930429522081</td>\n",
       "      <td>0.9245061265316329</td>\n",
       "      <td>0.9395161290322581</td>\n",
       "      <td>0.9295698481284789</td>\n",
       "      <td>0.7318918918918919</td>\n",
       "      <td>0.9694566765013001</td>\n",
       "    </tr>\n",
       "    <tr>\n",
       "      <th>2</th>\n",
       "      <td>LR</td>\n",
       "      <td>0.9187840290381126</td>\n",
       "      <td>0.9370061265316328</td>\n",
       "      <td>0.9395161290322581</td>\n",
       "      <td>0.9358399550757008</td>\n",
       "      <td>0.7328162034044388</td>\n",
       "      <td>0.9756532382669324</td>\n",
       "    </tr>\n",
       "    <tr>\n",
       "      <th>2</th>\n",
       "      <td>LR</td>\n",
       "      <td>0.9135511191772535</td>\n",
       "      <td>0.9370061265316328</td>\n",
       "      <td>0.9395161290322581</td>\n",
       "      <td>0.9358399550757008</td>\n",
       "      <td>0.7328162034044388</td>\n",
       "      <td>0.9760133137237909</td>\n",
       "    </tr>\n",
       "    <tr>\n",
       "      <th>1</th>\n",
       "      <td>SVC</td>\n",
       "      <td>0.9481851179673322</td>\n",
       "      <td>0.9742525876796302</td>\n",
       "      <td>0.967741935483871</td>\n",
       "      <td>0.9678443365486884</td>\n",
       "      <td>0.859629262770624</td>\n",
       "      <td>0.9949207267839908</td>\n",
       "    </tr>\n",
       "    <tr>\n",
       "      <th>1</th>\n",
       "      <td>SVC</td>\n",
       "      <td>0.9447065940713854</td>\n",
       "      <td>0.9761077122728958</td>\n",
       "      <td>0.9717741935483871</td>\n",
       "      <td>0.9725877698007404</td>\n",
       "      <td>0.8791170531300049</td>\n",
       "      <td>0.9956644687154611</td>\n",
       "    </tr>\n",
       "    <tr>\n",
       "      <th>1</th>\n",
       "      <td>SVC</td>\n",
       "      <td>0.9429824561403508</td>\n",
       "      <td>0.9711419051946086</td>\n",
       "      <td>0.9637096774193549</td>\n",
       "      <td>0.9652704423698185</td>\n",
       "      <td>0.8444057162774485</td>\n",
       "      <td>0.9893704541157731</td>\n",
       "    </tr>\n",
       "    <tr>\n",
       "      <th>1</th>\n",
       "      <td>SVC</td>\n",
       "      <td>0.9376890502117362</td>\n",
       "      <td>0.9549396448729041</td>\n",
       "      <td>0.9475806451612904</td>\n",
       "      <td>0.9470534928131183</td>\n",
       "      <td>0.7651515151515151</td>\n",
       "      <td>0.9638597608051601</td>\n",
       "    </tr>\n",
       "  </tbody>\n",
       "</table>\n",
       "</div>"
      ],
      "text/plain": [
       "  Model            Accuracy           Precision              Recall  \\\n",
       "3   KNN  0.9309134906231094  0.9672381613068397  0.9637096774193549   \n",
       "3   KNN  0.9343617664851784  0.9700124927102034   0.967741935483871   \n",
       "3   KNN  0.9360556563823353  0.9629923105776443  0.9596774193548387   \n",
       "3   KNN  0.9412280701754387  0.9646057347670252  0.9596774193548387   \n",
       "2    LR  0.9066545674531156  0.9348355328204978  0.9354838709677419   \n",
       "2    LR   0.904930429522081  0.9245061265316329  0.9395161290322581   \n",
       "2    LR  0.9187840290381126  0.9370061265316328  0.9395161290322581   \n",
       "2    LR  0.9135511191772535  0.9370061265316328  0.9395161290322581   \n",
       "1   SVC  0.9481851179673322  0.9742525876796302   0.967741935483871   \n",
       "1   SVC  0.9447065940713854  0.9761077122728958  0.9717741935483871   \n",
       "1   SVC  0.9429824561403508  0.9711419051946086  0.9637096774193549   \n",
       "1   SVC  0.9376890502117362  0.9549396448729041  0.9475806451612904   \n",
       "\n",
       "             F1 Score         Cohen Kappa                 AUC  \n",
       "3  0.9633179964270063  0.8352645951730755  0.9926904803983257  \n",
       "3  0.9679015043169659  0.8537412458532989  0.9946164621253294  \n",
       "3  0.9600144907847665  0.8222859190254389  0.9933512420464309  \n",
       "3  0.9597324692813461  0.8195576251455181  0.9902107624305637  \n",
       "2  0.9323924731182796  0.7189403598243377  0.9806116454904993  \n",
       "2  0.9295698481284789  0.7318918918918919  0.9694566765013001  \n",
       "2  0.9358399550757008  0.7328162034044388  0.9756532382669324  \n",
       "2  0.9358399550757008  0.7328162034044388  0.9760133137237909  \n",
       "1  0.9678443365486884   0.859629262770624  0.9949207267839908  \n",
       "1  0.9725877698007404  0.8791170531300049  0.9956644687154611  \n",
       "1  0.9652704423698185  0.8444057162774485  0.9893704541157731  \n",
       "1  0.9470534928131183  0.7651515151515151  0.9638597608051601  "
      ]
     },
     "execution_count": 21,
     "metadata": {},
     "output_type": "execute_result"
    }
   ],
   "source": [
    "df"
   ]
  },
  {
   "cell_type": "code",
   "execution_count": 22,
   "id": "4863d2b9-0988-4f6d-acd0-5af4e47a4911",
   "metadata": {},
   "outputs": [],
   "source": [
    "df.to_csv('Extremely Imbalance 70-30 Applying HyperParameter IG.csv', index=False)"
   ]
  },
  {
   "cell_type": "code",
   "execution_count": null,
   "id": "2dd815a3-d2e1-4269-8c86-c20afbf53650",
   "metadata": {},
   "outputs": [],
   "source": []
  }
 ],
 "metadata": {
  "kernelspec": {
   "display_name": "Python 3 (ipykernel)",
   "language": "python",
   "name": "python3"
  },
  "language_info": {
   "codemirror_mode": {
    "name": "ipython",
    "version": 3
   },
   "file_extension": ".py",
   "mimetype": "text/x-python",
   "name": "python",
   "nbconvert_exporter": "python",
   "pygments_lexer": "ipython3",
   "version": "3.9.12"
  }
 },
 "nbformat": 4,
 "nbformat_minor": 5
}
