{
 "cells": [
  {
   "cell_type": "code",
   "execution_count": 1,
   "id": "42e8a043-34dc-43cf-b822-b36cf4b2d12a",
   "metadata": {},
   "outputs": [],
   "source": [
    "import pandas as pd"
   ]
  },
  {
   "cell_type": "code",
   "execution_count": 2,
   "id": "f3d0c1a4-9fed-4528-99d0-b103fe69bcb3",
   "metadata": {},
   "outputs": [],
   "source": [
    "df1 = pd.read_csv('Without Yeo Johnson 70-30 Applying Hyperparameter RF Top 4 features.csv')\n",
    "df2 = pd.read_csv('Without Yeo Johnson 70-30 Applying Hyperparameter RF Top 5 features.csv')\n",
    "df3 = pd.read_csv('Without Yeo Johnson 70-30 Applying Hyperparameter RF Top 7 features.csv')\n",
    "df4 = pd.read_csv('Without Yeo Johnson 70-30 Applying Hyperparameter RF Top 9 features.csv')"
   ]
  },
  {
   "cell_type": "code",
   "execution_count": 3,
   "id": "96dfaa5c-349a-4a1b-8b9a-fbab5c65ec5c",
   "metadata": {},
   "outputs": [
    {
     "data": {
      "text/html": [
       "<div>\n",
       "<style scoped>\n",
       "    .dataframe tbody tr th:only-of-type {\n",
       "        vertical-align: middle;\n",
       "    }\n",
       "\n",
       "    .dataframe tbody tr th {\n",
       "        vertical-align: top;\n",
       "    }\n",
       "\n",
       "    .dataframe thead th {\n",
       "        text-align: right;\n",
       "    }\n",
       "</style>\n",
       "<table border=\"1\" class=\"dataframe\">\n",
       "  <thead>\n",
       "    <tr style=\"text-align: right;\">\n",
       "      <th></th>\n",
       "      <th>Unnamed: 0</th>\n",
       "      <th>0</th>\n",
       "      <th>1</th>\n",
       "      <th>2</th>\n",
       "      <th>3</th>\n",
       "      <th>4</th>\n",
       "      <th>5</th>\n",
       "    </tr>\n",
       "  </thead>\n",
       "  <tbody>\n",
       "    <tr>\n",
       "      <th>0</th>\n",
       "      <td>Metrics</td>\n",
       "      <td>Accuracy</td>\n",
       "      <td>Precision</td>\n",
       "      <td>Recall</td>\n",
       "      <td>F1 Score</td>\n",
       "      <td>Cohen Kappa</td>\n",
       "      <td>AUC</td>\n",
       "    </tr>\n",
       "    <tr>\n",
       "      <th>1</th>\n",
       "      <td>SVC</td>\n",
       "      <td>0.9194805194805195</td>\n",
       "      <td>0.9358490566037736</td>\n",
       "      <td>0.9245283018867925</td>\n",
       "      <td>0.9279350104821803</td>\n",
       "      <td>0.879133409350057</td>\n",
       "      <td>0.979939874939875</td>\n",
       "    </tr>\n",
       "    <tr>\n",
       "      <th>2</th>\n",
       "      <td>LR</td>\n",
       "      <td>0.9002164502164502</td>\n",
       "      <td>0.9263252470799641</td>\n",
       "      <td>0.9245283018867925</td>\n",
       "      <td>0.925026061966434</td>\n",
       "      <td>0.8771014492753624</td>\n",
       "      <td>0.9592616642616644</td>\n",
       "    </tr>\n",
       "    <tr>\n",
       "      <th>3</th>\n",
       "      <td>KNN</td>\n",
       "      <td>0.901082251082251</td>\n",
       "      <td>0.9153404429860541</td>\n",
       "      <td>0.9056603773584906</td>\n",
       "      <td>0.9082809224318658</td>\n",
       "      <td>0.8489167616875712</td>\n",
       "      <td>0.9849422799422799</td>\n",
       "    </tr>\n",
       "  </tbody>\n",
       "</table>\n",
       "</div>"
      ],
      "text/plain": [
       "  Unnamed: 0                   0                   1                   2  \\\n",
       "0    Metrics            Accuracy           Precision              Recall   \n",
       "1        SVC  0.9194805194805195  0.9358490566037736  0.9245283018867925   \n",
       "2         LR  0.9002164502164502  0.9263252470799641  0.9245283018867925   \n",
       "3        KNN   0.901082251082251  0.9153404429860541  0.9056603773584906   \n",
       "\n",
       "                    3                   4                   5  \n",
       "0            F1 Score         Cohen Kappa                 AUC  \n",
       "1  0.9279350104821803   0.879133409350057   0.979939874939875  \n",
       "2   0.925026061966434  0.8771014492753624  0.9592616642616644  \n",
       "3  0.9082809224318658  0.8489167616875712  0.9849422799422799  "
      ]
     },
     "execution_count": 3,
     "metadata": {},
     "output_type": "execute_result"
    }
   ],
   "source": [
    "df4"
   ]
  },
  {
   "cell_type": "code",
   "execution_count": 4,
   "id": "24110537-6381-4188-bbf7-bf76a13c00ac",
   "metadata": {},
   "outputs": [
    {
     "data": {
      "text/html": [
       "<div>\n",
       "<style scoped>\n",
       "    .dataframe tbody tr th:only-of-type {\n",
       "        vertical-align: middle;\n",
       "    }\n",
       "\n",
       "    .dataframe tbody tr th {\n",
       "        vertical-align: top;\n",
       "    }\n",
       "\n",
       "    .dataframe thead th {\n",
       "        text-align: right;\n",
       "    }\n",
       "</style>\n",
       "<table border=\"1\" class=\"dataframe\">\n",
       "  <thead>\n",
       "    <tr style=\"text-align: right;\">\n",
       "      <th></th>\n",
       "      <th>Unnamed: 0</th>\n",
       "      <th>0</th>\n",
       "      <th>1</th>\n",
       "      <th>2</th>\n",
       "      <th>3</th>\n",
       "      <th>4</th>\n",
       "      <th>5</th>\n",
       "    </tr>\n",
       "  </thead>\n",
       "  <tbody>\n",
       "    <tr>\n",
       "      <th>1</th>\n",
       "      <td>SVC</td>\n",
       "      <td>0.9430735930735932</td>\n",
       "      <td>0.9468267581475128</td>\n",
       "      <td>0.9433962264150944</td>\n",
       "      <td>0.9435085354896675</td>\n",
       "      <td>0.908092485549133</td>\n",
       "      <td>0.9958201058201058</td>\n",
       "    </tr>\n",
       "    <tr>\n",
       "      <th>2</th>\n",
       "      <td>LR</td>\n",
       "      <td>0.9142857142857144</td>\n",
       "      <td>0.9424977538185084</td>\n",
       "      <td>0.9433962264150944</td>\n",
       "      <td>0.9421997238840313</td>\n",
       "      <td>0.9069086651053864</td>\n",
       "      <td>0.9681818181818183</td>\n",
       "    </tr>\n",
       "    <tr>\n",
       "      <th>3</th>\n",
       "      <td>KNN</td>\n",
       "      <td>0.9244588744588744</td>\n",
       "      <td>0.9169811320754717</td>\n",
       "      <td>0.9056603773584906</td>\n",
       "      <td>0.9088602008165068</td>\n",
       "      <td>0.8480504587155964</td>\n",
       "      <td>0.9888239538239537</td>\n",
       "    </tr>\n",
       "  </tbody>\n",
       "</table>\n",
       "</div>"
      ],
      "text/plain": [
       "  Unnamed: 0                   0                   1                   2  \\\n",
       "1        SVC  0.9430735930735932  0.9468267581475128  0.9433962264150944   \n",
       "2         LR  0.9142857142857144  0.9424977538185084  0.9433962264150944   \n",
       "3        KNN  0.9244588744588744  0.9169811320754717  0.9056603773584906   \n",
       "\n",
       "                    3                   4                   5  \n",
       "1  0.9435085354896675   0.908092485549133  0.9958201058201058  \n",
       "2  0.9421997238840313  0.9069086651053864  0.9681818181818183  \n",
       "3  0.9088602008165068  0.8480504587155964  0.9888239538239537  "
      ]
     },
     "execution_count": 4,
     "metadata": {},
     "output_type": "execute_result"
    }
   ],
   "source": [
    "df2 = df2.drop(0, axis=0)\n",
    "df3 = df3.drop(0, axis=0)\n",
    "df4 = df4.drop(0, axis=0)\n",
    "df2"
   ]
  },
  {
   "cell_type": "code",
   "execution_count": 5,
   "id": "18e576c3-2e93-4c37-b3bd-594bbd25fb88",
   "metadata": {},
   "outputs": [
    {
     "data": {
      "text/html": [
       "<div>\n",
       "<style scoped>\n",
       "    .dataframe tbody tr th:only-of-type {\n",
       "        vertical-align: middle;\n",
       "    }\n",
       "\n",
       "    .dataframe tbody tr th {\n",
       "        vertical-align: top;\n",
       "    }\n",
       "\n",
       "    .dataframe thead th {\n",
       "        text-align: right;\n",
       "    }\n",
       "</style>\n",
       "<table border=\"1\" class=\"dataframe\">\n",
       "  <thead>\n",
       "    <tr style=\"text-align: right;\">\n",
       "      <th></th>\n",
       "      <th>Unnamed: 0</th>\n",
       "      <th>0</th>\n",
       "      <th>1</th>\n",
       "      <th>2</th>\n",
       "      <th>3</th>\n",
       "      <th>4</th>\n",
       "      <th>5</th>\n",
       "    </tr>\n",
       "  </thead>\n",
       "  <tbody>\n",
       "    <tr>\n",
       "      <th>0</th>\n",
       "      <td>Metrics</td>\n",
       "      <td>Accuracy</td>\n",
       "      <td>Precision</td>\n",
       "      <td>Recall</td>\n",
       "      <td>F1 Score</td>\n",
       "      <td>Cohen Kappa</td>\n",
       "      <td>AUC</td>\n",
       "    </tr>\n",
       "    <tr>\n",
       "      <th>1</th>\n",
       "      <td>SVC</td>\n",
       "      <td>0.9571428571428571</td>\n",
       "      <td>0.9424977538185084</td>\n",
       "      <td>0.9433962264150944</td>\n",
       "      <td>0.9421997238840313</td>\n",
       "      <td>0.9069086651053864</td>\n",
       "      <td>0.9877946127946129</td>\n",
       "    </tr>\n",
       "    <tr>\n",
       "      <th>2</th>\n",
       "      <td>LR</td>\n",
       "      <td>0.9142857142857144</td>\n",
       "      <td>0.9263252470799641</td>\n",
       "      <td>0.9245283018867925</td>\n",
       "      <td>0.925026061966434</td>\n",
       "      <td>0.8771014492753624</td>\n",
       "      <td>0.9682659932659932</td>\n",
       "    </tr>\n",
       "    <tr>\n",
       "      <th>3</th>\n",
       "      <td>KNN</td>\n",
       "      <td>0.9385281385281387</td>\n",
       "      <td>0.9236298292902065</td>\n",
       "      <td>0.9245283018867925</td>\n",
       "      <td>0.9233317993557294</td>\n",
       "      <td>0.8758782201405152</td>\n",
       "      <td>0.9841221741221742</td>\n",
       "    </tr>\n",
       "    <tr>\n",
       "      <th>1</th>\n",
       "      <td>SVC</td>\n",
       "      <td>0.9430735930735932</td>\n",
       "      <td>0.9468267581475128</td>\n",
       "      <td>0.9433962264150944</td>\n",
       "      <td>0.9435085354896675</td>\n",
       "      <td>0.908092485549133</td>\n",
       "      <td>0.9958201058201058</td>\n",
       "    </tr>\n",
       "    <tr>\n",
       "      <th>2</th>\n",
       "      <td>LR</td>\n",
       "      <td>0.9142857142857144</td>\n",
       "      <td>0.9424977538185084</td>\n",
       "      <td>0.9433962264150944</td>\n",
       "      <td>0.9421997238840313</td>\n",
       "      <td>0.9069086651053864</td>\n",
       "      <td>0.9681818181818183</td>\n",
       "    </tr>\n",
       "    <tr>\n",
       "      <th>3</th>\n",
       "      <td>KNN</td>\n",
       "      <td>0.9244588744588744</td>\n",
       "      <td>0.9169811320754717</td>\n",
       "      <td>0.9056603773584906</td>\n",
       "      <td>0.9088602008165068</td>\n",
       "      <td>0.8480504587155964</td>\n",
       "      <td>0.9888239538239537</td>\n",
       "    </tr>\n",
       "    <tr>\n",
       "      <th>1</th>\n",
       "      <td>SVC</td>\n",
       "      <td>0.9430735930735932</td>\n",
       "      <td>0.9484875711290804</td>\n",
       "      <td>0.9433962264150944</td>\n",
       "      <td>0.9445049764038151</td>\n",
       "      <td>0.9087256027554536</td>\n",
       "      <td>0.9897041847041846</td>\n",
       "    </tr>\n",
       "    <tr>\n",
       "      <th>2</th>\n",
       "      <td>LR</td>\n",
       "      <td>0.9142857142857144</td>\n",
       "      <td>0.9263252470799641</td>\n",
       "      <td>0.9245283018867925</td>\n",
       "      <td>0.925026061966434</td>\n",
       "      <td>0.8771014492753624</td>\n",
       "      <td>0.9597113997113998</td>\n",
       "    </tr>\n",
       "    <tr>\n",
       "      <th>3</th>\n",
       "      <td>KNN</td>\n",
       "      <td>0.9387445887445887</td>\n",
       "      <td>0.9279350104821803</td>\n",
       "      <td>0.9245283018867925</td>\n",
       "      <td>0.9256155292305601</td>\n",
       "      <td>0.8779504893494531</td>\n",
       "      <td>0.9873232323232323</td>\n",
       "    </tr>\n",
       "    <tr>\n",
       "      <th>1</th>\n",
       "      <td>SVC</td>\n",
       "      <td>0.9194805194805195</td>\n",
       "      <td>0.9358490566037736</td>\n",
       "      <td>0.9245283018867925</td>\n",
       "      <td>0.9279350104821803</td>\n",
       "      <td>0.879133409350057</td>\n",
       "      <td>0.979939874939875</td>\n",
       "    </tr>\n",
       "    <tr>\n",
       "      <th>2</th>\n",
       "      <td>LR</td>\n",
       "      <td>0.9002164502164502</td>\n",
       "      <td>0.9263252470799641</td>\n",
       "      <td>0.9245283018867925</td>\n",
       "      <td>0.925026061966434</td>\n",
       "      <td>0.8771014492753624</td>\n",
       "      <td>0.9592616642616644</td>\n",
       "    </tr>\n",
       "    <tr>\n",
       "      <th>3</th>\n",
       "      <td>KNN</td>\n",
       "      <td>0.901082251082251</td>\n",
       "      <td>0.9153404429860541</td>\n",
       "      <td>0.9056603773584906</td>\n",
       "      <td>0.9082809224318658</td>\n",
       "      <td>0.8489167616875712</td>\n",
       "      <td>0.9849422799422799</td>\n",
       "    </tr>\n",
       "  </tbody>\n",
       "</table>\n",
       "</div>"
      ],
      "text/plain": [
       "  Unnamed: 0                   0                   1                   2  \\\n",
       "0    Metrics            Accuracy           Precision              Recall   \n",
       "1        SVC  0.9571428571428571  0.9424977538185084  0.9433962264150944   \n",
       "2         LR  0.9142857142857144  0.9263252470799641  0.9245283018867925   \n",
       "3        KNN  0.9385281385281387  0.9236298292902065  0.9245283018867925   \n",
       "1        SVC  0.9430735930735932  0.9468267581475128  0.9433962264150944   \n",
       "2         LR  0.9142857142857144  0.9424977538185084  0.9433962264150944   \n",
       "3        KNN  0.9244588744588744  0.9169811320754717  0.9056603773584906   \n",
       "1        SVC  0.9430735930735932  0.9484875711290804  0.9433962264150944   \n",
       "2         LR  0.9142857142857144  0.9263252470799641  0.9245283018867925   \n",
       "3        KNN  0.9387445887445887  0.9279350104821803  0.9245283018867925   \n",
       "1        SVC  0.9194805194805195  0.9358490566037736  0.9245283018867925   \n",
       "2         LR  0.9002164502164502  0.9263252470799641  0.9245283018867925   \n",
       "3        KNN   0.901082251082251  0.9153404429860541  0.9056603773584906   \n",
       "\n",
       "                    3                   4                   5  \n",
       "0            F1 Score         Cohen Kappa                 AUC  \n",
       "1  0.9421997238840313  0.9069086651053864  0.9877946127946129  \n",
       "2   0.925026061966434  0.8771014492753624  0.9682659932659932  \n",
       "3  0.9233317993557294  0.8758782201405152  0.9841221741221742  \n",
       "1  0.9435085354896675   0.908092485549133  0.9958201058201058  \n",
       "2  0.9421997238840313  0.9069086651053864  0.9681818181818183  \n",
       "3  0.9088602008165068  0.8480504587155964  0.9888239538239537  \n",
       "1  0.9445049764038151  0.9087256027554536  0.9897041847041846  \n",
       "2   0.925026061966434  0.8771014492753624  0.9597113997113998  \n",
       "3  0.9256155292305601  0.8779504893494531  0.9873232323232323  \n",
       "1  0.9279350104821803   0.879133409350057   0.979939874939875  \n",
       "2   0.925026061966434  0.8771014492753624  0.9592616642616644  \n",
       "3  0.9082809224318658  0.8489167616875712  0.9849422799422799  "
      ]
     },
     "execution_count": 5,
     "metadata": {},
     "output_type": "execute_result"
    }
   ],
   "source": [
    "df = pd.concat([df1, df2, df3, df4])\n",
    "df"
   ]
  },
  {
   "cell_type": "code",
   "execution_count": 6,
   "id": "072fabbe-9403-4676-8047-37aa29f78fd6",
   "metadata": {},
   "outputs": [],
   "source": [
    "df = df.drop(0, axis=0)"
   ]
  },
  {
   "cell_type": "code",
   "execution_count": 7,
   "id": "35a1b3e6-1e61-4154-bad9-f3e521383935",
   "metadata": {},
   "outputs": [],
   "source": [
    "df.rename(columns={'Unnamed: 0': 'Model', '0': 'Accuracy', '1': 'Precision', '2': 'Recall', '3': 'F1 Score', '4': 'Cohen Kappa', '5': 'AUC'}, inplace=True)"
   ]
  },
  {
   "cell_type": "code",
   "execution_count": 8,
   "id": "90b855a1-f700-41af-af22-b960335932f0",
   "metadata": {},
   "outputs": [
    {
     "data": {
      "text/html": [
       "<div>\n",
       "<style scoped>\n",
       "    .dataframe tbody tr th:only-of-type {\n",
       "        vertical-align: middle;\n",
       "    }\n",
       "\n",
       "    .dataframe tbody tr th {\n",
       "        vertical-align: top;\n",
       "    }\n",
       "\n",
       "    .dataframe thead th {\n",
       "        text-align: right;\n",
       "    }\n",
       "</style>\n",
       "<table border=\"1\" class=\"dataframe\">\n",
       "  <thead>\n",
       "    <tr style=\"text-align: right;\">\n",
       "      <th></th>\n",
       "      <th>Model</th>\n",
       "      <th>Accuracy</th>\n",
       "      <th>Precision</th>\n",
       "      <th>Recall</th>\n",
       "      <th>F1 Score</th>\n",
       "      <th>Cohen Kappa</th>\n",
       "      <th>AUC</th>\n",
       "    </tr>\n",
       "  </thead>\n",
       "  <tbody>\n",
       "    <tr>\n",
       "      <th>1</th>\n",
       "      <td>SVC</td>\n",
       "      <td>0.9571428571428571</td>\n",
       "      <td>0.9424977538185084</td>\n",
       "      <td>0.9433962264150944</td>\n",
       "      <td>0.9421997238840313</td>\n",
       "      <td>0.9069086651053864</td>\n",
       "      <td>0.9877946127946129</td>\n",
       "    </tr>\n",
       "    <tr>\n",
       "      <th>2</th>\n",
       "      <td>LR</td>\n",
       "      <td>0.9142857142857144</td>\n",
       "      <td>0.9263252470799641</td>\n",
       "      <td>0.9245283018867925</td>\n",
       "      <td>0.925026061966434</td>\n",
       "      <td>0.8771014492753624</td>\n",
       "      <td>0.9682659932659932</td>\n",
       "    </tr>\n",
       "    <tr>\n",
       "      <th>3</th>\n",
       "      <td>KNN</td>\n",
       "      <td>0.9385281385281387</td>\n",
       "      <td>0.9236298292902065</td>\n",
       "      <td>0.9245283018867925</td>\n",
       "      <td>0.9233317993557294</td>\n",
       "      <td>0.8758782201405152</td>\n",
       "      <td>0.9841221741221742</td>\n",
       "    </tr>\n",
       "    <tr>\n",
       "      <th>1</th>\n",
       "      <td>SVC</td>\n",
       "      <td>0.9430735930735932</td>\n",
       "      <td>0.9468267581475128</td>\n",
       "      <td>0.9433962264150944</td>\n",
       "      <td>0.9435085354896675</td>\n",
       "      <td>0.908092485549133</td>\n",
       "      <td>0.9958201058201058</td>\n",
       "    </tr>\n",
       "    <tr>\n",
       "      <th>2</th>\n",
       "      <td>LR</td>\n",
       "      <td>0.9142857142857144</td>\n",
       "      <td>0.9424977538185084</td>\n",
       "      <td>0.9433962264150944</td>\n",
       "      <td>0.9421997238840313</td>\n",
       "      <td>0.9069086651053864</td>\n",
       "      <td>0.9681818181818183</td>\n",
       "    </tr>\n",
       "    <tr>\n",
       "      <th>3</th>\n",
       "      <td>KNN</td>\n",
       "      <td>0.9244588744588744</td>\n",
       "      <td>0.9169811320754717</td>\n",
       "      <td>0.9056603773584906</td>\n",
       "      <td>0.9088602008165068</td>\n",
       "      <td>0.8480504587155964</td>\n",
       "      <td>0.9888239538239537</td>\n",
       "    </tr>\n",
       "    <tr>\n",
       "      <th>1</th>\n",
       "      <td>SVC</td>\n",
       "      <td>0.9430735930735932</td>\n",
       "      <td>0.9484875711290804</td>\n",
       "      <td>0.9433962264150944</td>\n",
       "      <td>0.9445049764038151</td>\n",
       "      <td>0.9087256027554536</td>\n",
       "      <td>0.9897041847041846</td>\n",
       "    </tr>\n",
       "    <tr>\n",
       "      <th>2</th>\n",
       "      <td>LR</td>\n",
       "      <td>0.9142857142857144</td>\n",
       "      <td>0.9263252470799641</td>\n",
       "      <td>0.9245283018867925</td>\n",
       "      <td>0.925026061966434</td>\n",
       "      <td>0.8771014492753624</td>\n",
       "      <td>0.9597113997113998</td>\n",
       "    </tr>\n",
       "    <tr>\n",
       "      <th>3</th>\n",
       "      <td>KNN</td>\n",
       "      <td>0.9387445887445887</td>\n",
       "      <td>0.9279350104821803</td>\n",
       "      <td>0.9245283018867925</td>\n",
       "      <td>0.9256155292305601</td>\n",
       "      <td>0.8779504893494531</td>\n",
       "      <td>0.9873232323232323</td>\n",
       "    </tr>\n",
       "    <tr>\n",
       "      <th>1</th>\n",
       "      <td>SVC</td>\n",
       "      <td>0.9194805194805195</td>\n",
       "      <td>0.9358490566037736</td>\n",
       "      <td>0.9245283018867925</td>\n",
       "      <td>0.9279350104821803</td>\n",
       "      <td>0.879133409350057</td>\n",
       "      <td>0.979939874939875</td>\n",
       "    </tr>\n",
       "    <tr>\n",
       "      <th>2</th>\n",
       "      <td>LR</td>\n",
       "      <td>0.9002164502164502</td>\n",
       "      <td>0.9263252470799641</td>\n",
       "      <td>0.9245283018867925</td>\n",
       "      <td>0.925026061966434</td>\n",
       "      <td>0.8771014492753624</td>\n",
       "      <td>0.9592616642616644</td>\n",
       "    </tr>\n",
       "    <tr>\n",
       "      <th>3</th>\n",
       "      <td>KNN</td>\n",
       "      <td>0.901082251082251</td>\n",
       "      <td>0.9153404429860541</td>\n",
       "      <td>0.9056603773584906</td>\n",
       "      <td>0.9082809224318658</td>\n",
       "      <td>0.8489167616875712</td>\n",
       "      <td>0.9849422799422799</td>\n",
       "    </tr>\n",
       "  </tbody>\n",
       "</table>\n",
       "</div>"
      ],
      "text/plain": [
       "  Model            Accuracy           Precision              Recall  \\\n",
       "1   SVC  0.9571428571428571  0.9424977538185084  0.9433962264150944   \n",
       "2    LR  0.9142857142857144  0.9263252470799641  0.9245283018867925   \n",
       "3   KNN  0.9385281385281387  0.9236298292902065  0.9245283018867925   \n",
       "1   SVC  0.9430735930735932  0.9468267581475128  0.9433962264150944   \n",
       "2    LR  0.9142857142857144  0.9424977538185084  0.9433962264150944   \n",
       "3   KNN  0.9244588744588744  0.9169811320754717  0.9056603773584906   \n",
       "1   SVC  0.9430735930735932  0.9484875711290804  0.9433962264150944   \n",
       "2    LR  0.9142857142857144  0.9263252470799641  0.9245283018867925   \n",
       "3   KNN  0.9387445887445887  0.9279350104821803  0.9245283018867925   \n",
       "1   SVC  0.9194805194805195  0.9358490566037736  0.9245283018867925   \n",
       "2    LR  0.9002164502164502  0.9263252470799641  0.9245283018867925   \n",
       "3   KNN   0.901082251082251  0.9153404429860541  0.9056603773584906   \n",
       "\n",
       "             F1 Score         Cohen Kappa                 AUC  \n",
       "1  0.9421997238840313  0.9069086651053864  0.9877946127946129  \n",
       "2   0.925026061966434  0.8771014492753624  0.9682659932659932  \n",
       "3  0.9233317993557294  0.8758782201405152  0.9841221741221742  \n",
       "1  0.9435085354896675   0.908092485549133  0.9958201058201058  \n",
       "2  0.9421997238840313  0.9069086651053864  0.9681818181818183  \n",
       "3  0.9088602008165068  0.8480504587155964  0.9888239538239537  \n",
       "1  0.9445049764038151  0.9087256027554536  0.9897041847041846  \n",
       "2   0.925026061966434  0.8771014492753624  0.9597113997113998  \n",
       "3  0.9256155292305601  0.8779504893494531  0.9873232323232323  \n",
       "1  0.9279350104821803   0.879133409350057   0.979939874939875  \n",
       "2   0.925026061966434  0.8771014492753624  0.9592616642616644  \n",
       "3  0.9082809224318658  0.8489167616875712  0.9849422799422799  "
      ]
     },
     "execution_count": 8,
     "metadata": {},
     "output_type": "execute_result"
    }
   ],
   "source": [
    "df"
   ]
  },
  {
   "cell_type": "code",
   "execution_count": 9,
   "id": "1e774346-9650-41cb-bacb-b8e4dc1f9499",
   "metadata": {},
   "outputs": [],
   "source": [
    "df = df.sort_values('Model')"
   ]
  },
  {
   "cell_type": "code",
   "execution_count": 10,
   "id": "b748ed33-684f-41fc-aefc-ffb8cfc3fe9f",
   "metadata": {},
   "outputs": [
    {
     "data": {
      "text/html": [
       "<div>\n",
       "<style scoped>\n",
       "    .dataframe tbody tr th:only-of-type {\n",
       "        vertical-align: middle;\n",
       "    }\n",
       "\n",
       "    .dataframe tbody tr th {\n",
       "        vertical-align: top;\n",
       "    }\n",
       "\n",
       "    .dataframe thead th {\n",
       "        text-align: right;\n",
       "    }\n",
       "</style>\n",
       "<table border=\"1\" class=\"dataframe\">\n",
       "  <thead>\n",
       "    <tr style=\"text-align: right;\">\n",
       "      <th></th>\n",
       "      <th>Model</th>\n",
       "      <th>Accuracy</th>\n",
       "      <th>Precision</th>\n",
       "      <th>Recall</th>\n",
       "      <th>F1 Score</th>\n",
       "      <th>Cohen Kappa</th>\n",
       "      <th>AUC</th>\n",
       "    </tr>\n",
       "  </thead>\n",
       "  <tbody>\n",
       "    <tr>\n",
       "      <th>3</th>\n",
       "      <td>KNN</td>\n",
       "      <td>0.9385281385281387</td>\n",
       "      <td>0.9236298292902065</td>\n",
       "      <td>0.9245283018867925</td>\n",
       "      <td>0.9233317993557294</td>\n",
       "      <td>0.8758782201405152</td>\n",
       "      <td>0.9841221741221742</td>\n",
       "    </tr>\n",
       "    <tr>\n",
       "      <th>3</th>\n",
       "      <td>KNN</td>\n",
       "      <td>0.9244588744588744</td>\n",
       "      <td>0.9169811320754717</td>\n",
       "      <td>0.9056603773584906</td>\n",
       "      <td>0.9088602008165068</td>\n",
       "      <td>0.8480504587155964</td>\n",
       "      <td>0.9888239538239537</td>\n",
       "    </tr>\n",
       "    <tr>\n",
       "      <th>3</th>\n",
       "      <td>KNN</td>\n",
       "      <td>0.9387445887445887</td>\n",
       "      <td>0.9279350104821803</td>\n",
       "      <td>0.9245283018867925</td>\n",
       "      <td>0.9256155292305601</td>\n",
       "      <td>0.8779504893494531</td>\n",
       "      <td>0.9873232323232323</td>\n",
       "    </tr>\n",
       "    <tr>\n",
       "      <th>3</th>\n",
       "      <td>KNN</td>\n",
       "      <td>0.901082251082251</td>\n",
       "      <td>0.9153404429860541</td>\n",
       "      <td>0.9056603773584906</td>\n",
       "      <td>0.9082809224318658</td>\n",
       "      <td>0.8489167616875712</td>\n",
       "      <td>0.9849422799422799</td>\n",
       "    </tr>\n",
       "    <tr>\n",
       "      <th>2</th>\n",
       "      <td>LR</td>\n",
       "      <td>0.9142857142857144</td>\n",
       "      <td>0.9263252470799641</td>\n",
       "      <td>0.9245283018867925</td>\n",
       "      <td>0.925026061966434</td>\n",
       "      <td>0.8771014492753624</td>\n",
       "      <td>0.9682659932659932</td>\n",
       "    </tr>\n",
       "    <tr>\n",
       "      <th>2</th>\n",
       "      <td>LR</td>\n",
       "      <td>0.9142857142857144</td>\n",
       "      <td>0.9424977538185084</td>\n",
       "      <td>0.9433962264150944</td>\n",
       "      <td>0.9421997238840313</td>\n",
       "      <td>0.9069086651053864</td>\n",
       "      <td>0.9681818181818183</td>\n",
       "    </tr>\n",
       "    <tr>\n",
       "      <th>2</th>\n",
       "      <td>LR</td>\n",
       "      <td>0.9142857142857144</td>\n",
       "      <td>0.9263252470799641</td>\n",
       "      <td>0.9245283018867925</td>\n",
       "      <td>0.925026061966434</td>\n",
       "      <td>0.8771014492753624</td>\n",
       "      <td>0.9597113997113998</td>\n",
       "    </tr>\n",
       "    <tr>\n",
       "      <th>2</th>\n",
       "      <td>LR</td>\n",
       "      <td>0.9002164502164502</td>\n",
       "      <td>0.9263252470799641</td>\n",
       "      <td>0.9245283018867925</td>\n",
       "      <td>0.925026061966434</td>\n",
       "      <td>0.8771014492753624</td>\n",
       "      <td>0.9592616642616644</td>\n",
       "    </tr>\n",
       "    <tr>\n",
       "      <th>1</th>\n",
       "      <td>SVC</td>\n",
       "      <td>0.9571428571428571</td>\n",
       "      <td>0.9424977538185084</td>\n",
       "      <td>0.9433962264150944</td>\n",
       "      <td>0.9421997238840313</td>\n",
       "      <td>0.9069086651053864</td>\n",
       "      <td>0.9877946127946129</td>\n",
       "    </tr>\n",
       "    <tr>\n",
       "      <th>1</th>\n",
       "      <td>SVC</td>\n",
       "      <td>0.9430735930735932</td>\n",
       "      <td>0.9468267581475128</td>\n",
       "      <td>0.9433962264150944</td>\n",
       "      <td>0.9435085354896675</td>\n",
       "      <td>0.908092485549133</td>\n",
       "      <td>0.9958201058201058</td>\n",
       "    </tr>\n",
       "    <tr>\n",
       "      <th>1</th>\n",
       "      <td>SVC</td>\n",
       "      <td>0.9430735930735932</td>\n",
       "      <td>0.9484875711290804</td>\n",
       "      <td>0.9433962264150944</td>\n",
       "      <td>0.9445049764038151</td>\n",
       "      <td>0.9087256027554536</td>\n",
       "      <td>0.9897041847041846</td>\n",
       "    </tr>\n",
       "    <tr>\n",
       "      <th>1</th>\n",
       "      <td>SVC</td>\n",
       "      <td>0.9194805194805195</td>\n",
       "      <td>0.9358490566037736</td>\n",
       "      <td>0.9245283018867925</td>\n",
       "      <td>0.9279350104821803</td>\n",
       "      <td>0.879133409350057</td>\n",
       "      <td>0.979939874939875</td>\n",
       "    </tr>\n",
       "  </tbody>\n",
       "</table>\n",
       "</div>"
      ],
      "text/plain": [
       "  Model            Accuracy           Precision              Recall  \\\n",
       "3   KNN  0.9385281385281387  0.9236298292902065  0.9245283018867925   \n",
       "3   KNN  0.9244588744588744  0.9169811320754717  0.9056603773584906   \n",
       "3   KNN  0.9387445887445887  0.9279350104821803  0.9245283018867925   \n",
       "3   KNN   0.901082251082251  0.9153404429860541  0.9056603773584906   \n",
       "2    LR  0.9142857142857144  0.9263252470799641  0.9245283018867925   \n",
       "2    LR  0.9142857142857144  0.9424977538185084  0.9433962264150944   \n",
       "2    LR  0.9142857142857144  0.9263252470799641  0.9245283018867925   \n",
       "2    LR  0.9002164502164502  0.9263252470799641  0.9245283018867925   \n",
       "1   SVC  0.9571428571428571  0.9424977538185084  0.9433962264150944   \n",
       "1   SVC  0.9430735930735932  0.9468267581475128  0.9433962264150944   \n",
       "1   SVC  0.9430735930735932  0.9484875711290804  0.9433962264150944   \n",
       "1   SVC  0.9194805194805195  0.9358490566037736  0.9245283018867925   \n",
       "\n",
       "             F1 Score         Cohen Kappa                 AUC  \n",
       "3  0.9233317993557294  0.8758782201405152  0.9841221741221742  \n",
       "3  0.9088602008165068  0.8480504587155964  0.9888239538239537  \n",
       "3  0.9256155292305601  0.8779504893494531  0.9873232323232323  \n",
       "3  0.9082809224318658  0.8489167616875712  0.9849422799422799  \n",
       "2   0.925026061966434  0.8771014492753624  0.9682659932659932  \n",
       "2  0.9421997238840313  0.9069086651053864  0.9681818181818183  \n",
       "2   0.925026061966434  0.8771014492753624  0.9597113997113998  \n",
       "2   0.925026061966434  0.8771014492753624  0.9592616642616644  \n",
       "1  0.9421997238840313  0.9069086651053864  0.9877946127946129  \n",
       "1  0.9435085354896675   0.908092485549133  0.9958201058201058  \n",
       "1  0.9445049764038151  0.9087256027554536  0.9897041847041846  \n",
       "1  0.9279350104821803   0.879133409350057   0.979939874939875  "
      ]
     },
     "execution_count": 10,
     "metadata": {},
     "output_type": "execute_result"
    }
   ],
   "source": [
    "df"
   ]
  },
  {
   "cell_type": "code",
   "execution_count": 11,
   "id": "4863d2b9-0988-4f6d-acd0-5af4e47a4911",
   "metadata": {},
   "outputs": [],
   "source": [
    "df.to_csv('Combined accuracy without YJ/Without Yeo Johnson 70-30 Applying Hyperparameter RF.csv', index=False)"
   ]
  },
  {
   "cell_type": "code",
   "execution_count": null,
   "id": "2dd815a3-d2e1-4269-8c86-c20afbf53650",
   "metadata": {},
   "outputs": [],
   "source": []
  }
 ],
 "metadata": {
  "kernelspec": {
   "display_name": "Python 3 (ipykernel)",
   "language": "python",
   "name": "python3"
  },
  "language_info": {
   "codemirror_mode": {
    "name": "ipython",
    "version": 3
   },
   "file_extension": ".py",
   "mimetype": "text/x-python",
   "name": "python",
   "nbconvert_exporter": "python",
   "pygments_lexer": "ipython3",
   "version": "3.9.12"
  }
 },
 "nbformat": 4,
 "nbformat_minor": 5
}
