{
 "cells": [
  {
   "cell_type": "code",
   "execution_count": 1,
   "id": "42e8a043-34dc-43cf-b822-b36cf4b2d12a",
   "metadata": {},
   "outputs": [],
   "source": [
    "import pandas as pd"
   ]
  },
  {
   "cell_type": "code",
   "execution_count": 2,
   "id": "f3d0c1a4-9fed-4528-99d0-b103fe69bcb3",
   "metadata": {},
   "outputs": [],
   "source": [
    "df1 = pd.read_csv('LMCH Moderately Imbalance 80-20 Applying IG Top 4 features.csv')\n",
    "df2 = pd.read_csv('LMCH Moderately Imbalance 80-20 Applying IG Top 5 features.csv')\n",
    "df3 = pd.read_csv('LMCH Moderately Imbalance 80-20 Applying IG Top 7 features.csv')\n",
    "df4 = pd.read_csv('LMCH Moderately Imbalance 80-20 Applying IG Top 9 features.csv')"
   ]
  },
  {
   "cell_type": "code",
   "execution_count": 3,
   "id": "96dfaa5c-349a-4a1b-8b9a-fbab5c65ec5c",
   "metadata": {},
   "outputs": [
    {
     "data": {
      "text/html": [
       "<div>\n",
       "<style scoped>\n",
       "    .dataframe tbody tr th:only-of-type {\n",
       "        vertical-align: middle;\n",
       "    }\n",
       "\n",
       "    .dataframe tbody tr th {\n",
       "        vertical-align: top;\n",
       "    }\n",
       "\n",
       "    .dataframe thead th {\n",
       "        text-align: right;\n",
       "    }\n",
       "</style>\n",
       "<table border=\"1\" class=\"dataframe\">\n",
       "  <thead>\n",
       "    <tr style=\"text-align: right;\">\n",
       "      <th></th>\n",
       "      <th>Unnamed: 0</th>\n",
       "      <th>0</th>\n",
       "      <th>1</th>\n",
       "      <th>2</th>\n",
       "      <th>3</th>\n",
       "      <th>4</th>\n",
       "      <th>5</th>\n",
       "    </tr>\n",
       "  </thead>\n",
       "  <tbody>\n",
       "    <tr>\n",
       "      <th>0</th>\n",
       "      <td>Metrics</td>\n",
       "      <td>Accuracy</td>\n",
       "      <td>Precision</td>\n",
       "      <td>Recall</td>\n",
       "      <td>F1 Score</td>\n",
       "      <td>Cohen Kappa</td>\n",
       "      <td>AUC</td>\n",
       "    </tr>\n",
       "    <tr>\n",
       "      <th>1</th>\n",
       "      <td>SVC</td>\n",
       "      <td>0.9245283018867925</td>\n",
       "      <td>0.9216695254431103</td>\n",
       "      <td>0.9245283018867925</td>\n",
       "      <td>0.9200359389038634</td>\n",
       "      <td>0.875</td>\n",
       "      <td>0.9818470418470419</td>\n",
       "    </tr>\n",
       "    <tr>\n",
       "      <th>2</th>\n",
       "      <td>LR</td>\n",
       "      <td>0.8867924528301887</td>\n",
       "      <td>0.8919382504288165</td>\n",
       "      <td>0.8867924528301887</td>\n",
       "      <td>0.8878032345013478</td>\n",
       "      <td>0.8161849710982659</td>\n",
       "      <td>0.9588119288119289</td>\n",
       "    </tr>\n",
       "    <tr>\n",
       "      <th>3</th>\n",
       "      <td>KNN</td>\n",
       "      <td>0.8301886792452831</td>\n",
       "      <td>0.8160204575298915</td>\n",
       "      <td>0.8301886792452831</td>\n",
       "      <td>0.8213921555736882</td>\n",
       "      <td>0.7179183914843288</td>\n",
       "      <td>0.9561940836940837</td>\n",
       "    </tr>\n",
       "  </tbody>\n",
       "</table>\n",
       "</div>"
      ],
      "text/plain": [
       "  Unnamed: 0                   0                   1                   2  \\\n",
       "0    Metrics            Accuracy           Precision              Recall   \n",
       "1        SVC  0.9245283018867925  0.9216695254431103  0.9245283018867925   \n",
       "2         LR  0.8867924528301887  0.8919382504288165  0.8867924528301887   \n",
       "3        KNN  0.8301886792452831  0.8160204575298915  0.8301886792452831   \n",
       "\n",
       "                    3                   4                   5  \n",
       "0            F1 Score         Cohen Kappa                 AUC  \n",
       "1  0.9200359389038634               0.875  0.9818470418470419  \n",
       "2  0.8878032345013478  0.8161849710982659  0.9588119288119289  \n",
       "3  0.8213921555736882  0.7179183914843288  0.9561940836940837  "
      ]
     },
     "execution_count": 3,
     "metadata": {},
     "output_type": "execute_result"
    }
   ],
   "source": [
    "df4"
   ]
  },
  {
   "cell_type": "code",
   "execution_count": 4,
   "id": "24110537-6381-4188-bbf7-bf76a13c00ac",
   "metadata": {},
   "outputs": [
    {
     "data": {
      "text/html": [
       "<div>\n",
       "<style scoped>\n",
       "    .dataframe tbody tr th:only-of-type {\n",
       "        vertical-align: middle;\n",
       "    }\n",
       "\n",
       "    .dataframe tbody tr th {\n",
       "        vertical-align: top;\n",
       "    }\n",
       "\n",
       "    .dataframe thead th {\n",
       "        text-align: right;\n",
       "    }\n",
       "</style>\n",
       "<table border=\"1\" class=\"dataframe\">\n",
       "  <thead>\n",
       "    <tr style=\"text-align: right;\">\n",
       "      <th></th>\n",
       "      <th>Unnamed: 0</th>\n",
       "      <th>0</th>\n",
       "      <th>1</th>\n",
       "      <th>2</th>\n",
       "      <th>3</th>\n",
       "      <th>4</th>\n",
       "      <th>5</th>\n",
       "    </tr>\n",
       "  </thead>\n",
       "  <tbody>\n",
       "    <tr>\n",
       "      <th>1</th>\n",
       "      <td>SVC</td>\n",
       "      <td>0.9433962264150944</td>\n",
       "      <td>0.9414264980302716</td>\n",
       "      <td>0.9433962264150944</td>\n",
       "      <td>0.9416944136145023</td>\n",
       "      <td>0.906635349383441</td>\n",
       "      <td>0.9855218855218855</td>\n",
       "    </tr>\n",
       "    <tr>\n",
       "      <th>2</th>\n",
       "      <td>LR</td>\n",
       "      <td>0.8867924528301887</td>\n",
       "      <td>0.8867924528301887</td>\n",
       "      <td>0.8867924528301887</td>\n",
       "      <td>0.8729730886065117</td>\n",
       "      <td>0.8103756708407871</td>\n",
       "      <td>0.9622655122655122</td>\n",
       "    </tr>\n",
       "    <tr>\n",
       "      <th>3</th>\n",
       "      <td>KNN</td>\n",
       "      <td>0.8679245283018868</td>\n",
       "      <td>0.8747379454926624</td>\n",
       "      <td>0.8679245283018868</td>\n",
       "      <td>0.8708464517882625</td>\n",
       "      <td>0.7864133563615429</td>\n",
       "      <td>0.9720454545454545</td>\n",
       "    </tr>\n",
       "  </tbody>\n",
       "</table>\n",
       "</div>"
      ],
      "text/plain": [
       "  Unnamed: 0                   0                   1                   2  \\\n",
       "1        SVC  0.9433962264150944  0.9414264980302716  0.9433962264150944   \n",
       "2         LR  0.8867924528301887  0.8867924528301887  0.8867924528301887   \n",
       "3        KNN  0.8679245283018868  0.8747379454926624  0.8679245283018868   \n",
       "\n",
       "                    3                   4                   5  \n",
       "1  0.9416944136145023   0.906635349383441  0.9855218855218855  \n",
       "2  0.8729730886065117  0.8103756708407871  0.9622655122655122  \n",
       "3  0.8708464517882625  0.7864133563615429  0.9720454545454545  "
      ]
     },
     "execution_count": 4,
     "metadata": {},
     "output_type": "execute_result"
    }
   ],
   "source": [
    "df2 = df2.drop(0, axis=0)\n",
    "df3 = df3.drop(0, axis=0)\n",
    "df4 = df4.drop(0, axis=0)\n",
    "df2"
   ]
  },
  {
   "cell_type": "code",
   "execution_count": 5,
   "id": "18e576c3-2e93-4c37-b3bd-594bbd25fb88",
   "metadata": {},
   "outputs": [
    {
     "data": {
      "text/html": [
       "<div>\n",
       "<style scoped>\n",
       "    .dataframe tbody tr th:only-of-type {\n",
       "        vertical-align: middle;\n",
       "    }\n",
       "\n",
       "    .dataframe tbody tr th {\n",
       "        vertical-align: top;\n",
       "    }\n",
       "\n",
       "    .dataframe thead th {\n",
       "        text-align: right;\n",
       "    }\n",
       "</style>\n",
       "<table border=\"1\" class=\"dataframe\">\n",
       "  <thead>\n",
       "    <tr style=\"text-align: right;\">\n",
       "      <th></th>\n",
       "      <th>Unnamed: 0</th>\n",
       "      <th>0</th>\n",
       "      <th>1</th>\n",
       "      <th>2</th>\n",
       "      <th>3</th>\n",
       "      <th>4</th>\n",
       "      <th>5</th>\n",
       "    </tr>\n",
       "  </thead>\n",
       "  <tbody>\n",
       "    <tr>\n",
       "      <th>0</th>\n",
       "      <td>Metrics</td>\n",
       "      <td>Accuracy</td>\n",
       "      <td>Precision</td>\n",
       "      <td>Recall</td>\n",
       "      <td>F1 Score</td>\n",
       "      <td>Cohen Kappa</td>\n",
       "      <td>AUC</td>\n",
       "    </tr>\n",
       "    <tr>\n",
       "      <th>1</th>\n",
       "      <td>SVC</td>\n",
       "      <td>0.9811320754716981</td>\n",
       "      <td>0.9832285115303984</td>\n",
       "      <td>0.9811320754716981</td>\n",
       "      <td>0.9814451179601014</td>\n",
       "      <td>0.9693995381062356</td>\n",
       "      <td>0.993939393939394</td>\n",
       "    </tr>\n",
       "    <tr>\n",
       "      <th>2</th>\n",
       "      <td>LR</td>\n",
       "      <td>0.9056603773584906</td>\n",
       "      <td>0.9041837571780147</td>\n",
       "      <td>0.9056603773584906</td>\n",
       "      <td>0.8980659533533601</td>\n",
       "      <td>0.8426365795724465</td>\n",
       "      <td>0.9702861952861953</td>\n",
       "    </tr>\n",
       "    <tr>\n",
       "      <th>3</th>\n",
       "      <td>KNN</td>\n",
       "      <td>0.8867924528301887</td>\n",
       "      <td>0.915666094911378</td>\n",
       "      <td>0.8867924528301887</td>\n",
       "      <td>0.8948604720583846</td>\n",
       "      <td>0.8216489063376332</td>\n",
       "      <td>0.9822186147186147</td>\n",
       "    </tr>\n",
       "    <tr>\n",
       "      <th>1</th>\n",
       "      <td>SVC</td>\n",
       "      <td>0.9433962264150944</td>\n",
       "      <td>0.9414264980302716</td>\n",
       "      <td>0.9433962264150944</td>\n",
       "      <td>0.9416944136145023</td>\n",
       "      <td>0.906635349383441</td>\n",
       "      <td>0.9855218855218855</td>\n",
       "    </tr>\n",
       "    <tr>\n",
       "      <th>2</th>\n",
       "      <td>LR</td>\n",
       "      <td>0.8867924528301887</td>\n",
       "      <td>0.8867924528301887</td>\n",
       "      <td>0.8867924528301887</td>\n",
       "      <td>0.8729730886065117</td>\n",
       "      <td>0.8103756708407871</td>\n",
       "      <td>0.9622655122655122</td>\n",
       "    </tr>\n",
       "    <tr>\n",
       "      <th>3</th>\n",
       "      <td>KNN</td>\n",
       "      <td>0.8679245283018868</td>\n",
       "      <td>0.8747379454926624</td>\n",
       "      <td>0.8679245283018868</td>\n",
       "      <td>0.8708464517882625</td>\n",
       "      <td>0.7864133563615429</td>\n",
       "      <td>0.9720454545454545</td>\n",
       "    </tr>\n",
       "    <tr>\n",
       "      <th>1</th>\n",
       "      <td>SVC</td>\n",
       "      <td>0.9622641509433962</td>\n",
       "      <td>0.9622641509433962</td>\n",
       "      <td>0.9622641509433962</td>\n",
       "      <td>0.9622641509433962</td>\n",
       "      <td>0.9383720930232559</td>\n",
       "      <td>0.9817340067340069</td>\n",
       "    </tr>\n",
       "    <tr>\n",
       "      <th>2</th>\n",
       "      <td>LR</td>\n",
       "      <td>0.9056603773584906</td>\n",
       "      <td>0.9020664869721473</td>\n",
       "      <td>0.9056603773584906</td>\n",
       "      <td>0.9032060131922074</td>\n",
       "      <td>0.844847775175644</td>\n",
       "      <td>0.955026455026455</td>\n",
       "    </tr>\n",
       "    <tr>\n",
       "      <th>3</th>\n",
       "      <td>KNN</td>\n",
       "      <td>0.9056603773584906</td>\n",
       "      <td>0.9112074690417595</td>\n",
       "      <td>0.9056603773584906</td>\n",
       "      <td>0.9070928417386283</td>\n",
       "      <td>0.8478760045924225</td>\n",
       "      <td>0.9739117364117363</td>\n",
       "    </tr>\n",
       "    <tr>\n",
       "      <th>1</th>\n",
       "      <td>SVC</td>\n",
       "      <td>0.9245283018867925</td>\n",
       "      <td>0.9216695254431103</td>\n",
       "      <td>0.9245283018867925</td>\n",
       "      <td>0.9200359389038634</td>\n",
       "      <td>0.875</td>\n",
       "      <td>0.9818470418470419</td>\n",
       "    </tr>\n",
       "    <tr>\n",
       "      <th>2</th>\n",
       "      <td>LR</td>\n",
       "      <td>0.8867924528301887</td>\n",
       "      <td>0.8919382504288165</td>\n",
       "      <td>0.8867924528301887</td>\n",
       "      <td>0.8878032345013478</td>\n",
       "      <td>0.8161849710982659</td>\n",
       "      <td>0.9588119288119289</td>\n",
       "    </tr>\n",
       "    <tr>\n",
       "      <th>3</th>\n",
       "      <td>KNN</td>\n",
       "      <td>0.8301886792452831</td>\n",
       "      <td>0.8160204575298915</td>\n",
       "      <td>0.8301886792452831</td>\n",
       "      <td>0.8213921555736882</td>\n",
       "      <td>0.7179183914843288</td>\n",
       "      <td>0.9561940836940837</td>\n",
       "    </tr>\n",
       "  </tbody>\n",
       "</table>\n",
       "</div>"
      ],
      "text/plain": [
       "  Unnamed: 0                   0                   1                   2  \\\n",
       "0    Metrics            Accuracy           Precision              Recall   \n",
       "1        SVC  0.9811320754716981  0.9832285115303984  0.9811320754716981   \n",
       "2         LR  0.9056603773584906  0.9041837571780147  0.9056603773584906   \n",
       "3        KNN  0.8867924528301887   0.915666094911378  0.8867924528301887   \n",
       "1        SVC  0.9433962264150944  0.9414264980302716  0.9433962264150944   \n",
       "2         LR  0.8867924528301887  0.8867924528301887  0.8867924528301887   \n",
       "3        KNN  0.8679245283018868  0.8747379454926624  0.8679245283018868   \n",
       "1        SVC  0.9622641509433962  0.9622641509433962  0.9622641509433962   \n",
       "2         LR  0.9056603773584906  0.9020664869721473  0.9056603773584906   \n",
       "3        KNN  0.9056603773584906  0.9112074690417595  0.9056603773584906   \n",
       "1        SVC  0.9245283018867925  0.9216695254431103  0.9245283018867925   \n",
       "2         LR  0.8867924528301887  0.8919382504288165  0.8867924528301887   \n",
       "3        KNN  0.8301886792452831  0.8160204575298915  0.8301886792452831   \n",
       "\n",
       "                    3                   4                   5  \n",
       "0            F1 Score         Cohen Kappa                 AUC  \n",
       "1  0.9814451179601014  0.9693995381062356   0.993939393939394  \n",
       "2  0.8980659533533601  0.8426365795724465  0.9702861952861953  \n",
       "3  0.8948604720583846  0.8216489063376332  0.9822186147186147  \n",
       "1  0.9416944136145023   0.906635349383441  0.9855218855218855  \n",
       "2  0.8729730886065117  0.8103756708407871  0.9622655122655122  \n",
       "3  0.8708464517882625  0.7864133563615429  0.9720454545454545  \n",
       "1  0.9622641509433962  0.9383720930232559  0.9817340067340069  \n",
       "2  0.9032060131922074   0.844847775175644   0.955026455026455  \n",
       "3  0.9070928417386283  0.8478760045924225  0.9739117364117363  \n",
       "1  0.9200359389038634               0.875  0.9818470418470419  \n",
       "2  0.8878032345013478  0.8161849710982659  0.9588119288119289  \n",
       "3  0.8213921555736882  0.7179183914843288  0.9561940836940837  "
      ]
     },
     "execution_count": 5,
     "metadata": {},
     "output_type": "execute_result"
    }
   ],
   "source": [
    "df = pd.concat([df1, df2, df3, df4])\n",
    "df"
   ]
  },
  {
   "cell_type": "code",
   "execution_count": 6,
   "id": "072fabbe-9403-4676-8047-37aa29f78fd6",
   "metadata": {},
   "outputs": [],
   "source": [
    "df = df.drop(0, axis=0)"
   ]
  },
  {
   "cell_type": "code",
   "execution_count": 7,
   "id": "35a1b3e6-1e61-4154-bad9-f3e521383935",
   "metadata": {},
   "outputs": [],
   "source": [
    "df.rename(columns={'Unnamed: 0': 'Model', '0': 'Accuracy', '1': 'Precision', '2': 'Recall', '3': 'F1 Score', '4': 'Cohen Kappa', '5': 'AUC'}, inplace=True)"
   ]
  },
  {
   "cell_type": "code",
   "execution_count": 8,
   "id": "90b855a1-f700-41af-af22-b960335932f0",
   "metadata": {},
   "outputs": [
    {
     "data": {
      "text/html": [
       "<div>\n",
       "<style scoped>\n",
       "    .dataframe tbody tr th:only-of-type {\n",
       "        vertical-align: middle;\n",
       "    }\n",
       "\n",
       "    .dataframe tbody tr th {\n",
       "        vertical-align: top;\n",
       "    }\n",
       "\n",
       "    .dataframe thead th {\n",
       "        text-align: right;\n",
       "    }\n",
       "</style>\n",
       "<table border=\"1\" class=\"dataframe\">\n",
       "  <thead>\n",
       "    <tr style=\"text-align: right;\">\n",
       "      <th></th>\n",
       "      <th>Model</th>\n",
       "      <th>Accuracy</th>\n",
       "      <th>Precision</th>\n",
       "      <th>Recall</th>\n",
       "      <th>F1 Score</th>\n",
       "      <th>Cohen Kappa</th>\n",
       "      <th>AUC</th>\n",
       "    </tr>\n",
       "  </thead>\n",
       "  <tbody>\n",
       "    <tr>\n",
       "      <th>1</th>\n",
       "      <td>SVC</td>\n",
       "      <td>0.9811320754716981</td>\n",
       "      <td>0.9832285115303984</td>\n",
       "      <td>0.9811320754716981</td>\n",
       "      <td>0.9814451179601014</td>\n",
       "      <td>0.9693995381062356</td>\n",
       "      <td>0.993939393939394</td>\n",
       "    </tr>\n",
       "    <tr>\n",
       "      <th>2</th>\n",
       "      <td>LR</td>\n",
       "      <td>0.9056603773584906</td>\n",
       "      <td>0.9041837571780147</td>\n",
       "      <td>0.9056603773584906</td>\n",
       "      <td>0.8980659533533601</td>\n",
       "      <td>0.8426365795724465</td>\n",
       "      <td>0.9702861952861953</td>\n",
       "    </tr>\n",
       "    <tr>\n",
       "      <th>3</th>\n",
       "      <td>KNN</td>\n",
       "      <td>0.8867924528301887</td>\n",
       "      <td>0.915666094911378</td>\n",
       "      <td>0.8867924528301887</td>\n",
       "      <td>0.8948604720583846</td>\n",
       "      <td>0.8216489063376332</td>\n",
       "      <td>0.9822186147186147</td>\n",
       "    </tr>\n",
       "    <tr>\n",
       "      <th>1</th>\n",
       "      <td>SVC</td>\n",
       "      <td>0.9433962264150944</td>\n",
       "      <td>0.9414264980302716</td>\n",
       "      <td>0.9433962264150944</td>\n",
       "      <td>0.9416944136145023</td>\n",
       "      <td>0.906635349383441</td>\n",
       "      <td>0.9855218855218855</td>\n",
       "    </tr>\n",
       "    <tr>\n",
       "      <th>2</th>\n",
       "      <td>LR</td>\n",
       "      <td>0.8867924528301887</td>\n",
       "      <td>0.8867924528301887</td>\n",
       "      <td>0.8867924528301887</td>\n",
       "      <td>0.8729730886065117</td>\n",
       "      <td>0.8103756708407871</td>\n",
       "      <td>0.9622655122655122</td>\n",
       "    </tr>\n",
       "    <tr>\n",
       "      <th>3</th>\n",
       "      <td>KNN</td>\n",
       "      <td>0.8679245283018868</td>\n",
       "      <td>0.8747379454926624</td>\n",
       "      <td>0.8679245283018868</td>\n",
       "      <td>0.8708464517882625</td>\n",
       "      <td>0.7864133563615429</td>\n",
       "      <td>0.9720454545454545</td>\n",
       "    </tr>\n",
       "    <tr>\n",
       "      <th>1</th>\n",
       "      <td>SVC</td>\n",
       "      <td>0.9622641509433962</td>\n",
       "      <td>0.9622641509433962</td>\n",
       "      <td>0.9622641509433962</td>\n",
       "      <td>0.9622641509433962</td>\n",
       "      <td>0.9383720930232559</td>\n",
       "      <td>0.9817340067340069</td>\n",
       "    </tr>\n",
       "    <tr>\n",
       "      <th>2</th>\n",
       "      <td>LR</td>\n",
       "      <td>0.9056603773584906</td>\n",
       "      <td>0.9020664869721473</td>\n",
       "      <td>0.9056603773584906</td>\n",
       "      <td>0.9032060131922074</td>\n",
       "      <td>0.844847775175644</td>\n",
       "      <td>0.955026455026455</td>\n",
       "    </tr>\n",
       "    <tr>\n",
       "      <th>3</th>\n",
       "      <td>KNN</td>\n",
       "      <td>0.9056603773584906</td>\n",
       "      <td>0.9112074690417595</td>\n",
       "      <td>0.9056603773584906</td>\n",
       "      <td>0.9070928417386283</td>\n",
       "      <td>0.8478760045924225</td>\n",
       "      <td>0.9739117364117363</td>\n",
       "    </tr>\n",
       "    <tr>\n",
       "      <th>1</th>\n",
       "      <td>SVC</td>\n",
       "      <td>0.9245283018867925</td>\n",
       "      <td>0.9216695254431103</td>\n",
       "      <td>0.9245283018867925</td>\n",
       "      <td>0.9200359389038634</td>\n",
       "      <td>0.875</td>\n",
       "      <td>0.9818470418470419</td>\n",
       "    </tr>\n",
       "    <tr>\n",
       "      <th>2</th>\n",
       "      <td>LR</td>\n",
       "      <td>0.8867924528301887</td>\n",
       "      <td>0.8919382504288165</td>\n",
       "      <td>0.8867924528301887</td>\n",
       "      <td>0.8878032345013478</td>\n",
       "      <td>0.8161849710982659</td>\n",
       "      <td>0.9588119288119289</td>\n",
       "    </tr>\n",
       "    <tr>\n",
       "      <th>3</th>\n",
       "      <td>KNN</td>\n",
       "      <td>0.8301886792452831</td>\n",
       "      <td>0.8160204575298915</td>\n",
       "      <td>0.8301886792452831</td>\n",
       "      <td>0.8213921555736882</td>\n",
       "      <td>0.7179183914843288</td>\n",
       "      <td>0.9561940836940837</td>\n",
       "    </tr>\n",
       "  </tbody>\n",
       "</table>\n",
       "</div>"
      ],
      "text/plain": [
       "  Model            Accuracy           Precision              Recall  \\\n",
       "1   SVC  0.9811320754716981  0.9832285115303984  0.9811320754716981   \n",
       "2    LR  0.9056603773584906  0.9041837571780147  0.9056603773584906   \n",
       "3   KNN  0.8867924528301887   0.915666094911378  0.8867924528301887   \n",
       "1   SVC  0.9433962264150944  0.9414264980302716  0.9433962264150944   \n",
       "2    LR  0.8867924528301887  0.8867924528301887  0.8867924528301887   \n",
       "3   KNN  0.8679245283018868  0.8747379454926624  0.8679245283018868   \n",
       "1   SVC  0.9622641509433962  0.9622641509433962  0.9622641509433962   \n",
       "2    LR  0.9056603773584906  0.9020664869721473  0.9056603773584906   \n",
       "3   KNN  0.9056603773584906  0.9112074690417595  0.9056603773584906   \n",
       "1   SVC  0.9245283018867925  0.9216695254431103  0.9245283018867925   \n",
       "2    LR  0.8867924528301887  0.8919382504288165  0.8867924528301887   \n",
       "3   KNN  0.8301886792452831  0.8160204575298915  0.8301886792452831   \n",
       "\n",
       "             F1 Score         Cohen Kappa                 AUC  \n",
       "1  0.9814451179601014  0.9693995381062356   0.993939393939394  \n",
       "2  0.8980659533533601  0.8426365795724465  0.9702861952861953  \n",
       "3  0.8948604720583846  0.8216489063376332  0.9822186147186147  \n",
       "1  0.9416944136145023   0.906635349383441  0.9855218855218855  \n",
       "2  0.8729730886065117  0.8103756708407871  0.9622655122655122  \n",
       "3  0.8708464517882625  0.7864133563615429  0.9720454545454545  \n",
       "1  0.9622641509433962  0.9383720930232559  0.9817340067340069  \n",
       "2  0.9032060131922074   0.844847775175644   0.955026455026455  \n",
       "3  0.9070928417386283  0.8478760045924225  0.9739117364117363  \n",
       "1  0.9200359389038634               0.875  0.9818470418470419  \n",
       "2  0.8878032345013478  0.8161849710982659  0.9588119288119289  \n",
       "3  0.8213921555736882  0.7179183914843288  0.9561940836940837  "
      ]
     },
     "execution_count": 8,
     "metadata": {},
     "output_type": "execute_result"
    }
   ],
   "source": [
    "df"
   ]
  },
  {
   "cell_type": "code",
   "execution_count": 9,
   "id": "1e774346-9650-41cb-bacb-b8e4dc1f9499",
   "metadata": {},
   "outputs": [],
   "source": [
    "df = df.sort_values('Model')"
   ]
  },
  {
   "cell_type": "code",
   "execution_count": 10,
   "id": "b748ed33-684f-41fc-aefc-ffb8cfc3fe9f",
   "metadata": {},
   "outputs": [
    {
     "data": {
      "text/html": [
       "<div>\n",
       "<style scoped>\n",
       "    .dataframe tbody tr th:only-of-type {\n",
       "        vertical-align: middle;\n",
       "    }\n",
       "\n",
       "    .dataframe tbody tr th {\n",
       "        vertical-align: top;\n",
       "    }\n",
       "\n",
       "    .dataframe thead th {\n",
       "        text-align: right;\n",
       "    }\n",
       "</style>\n",
       "<table border=\"1\" class=\"dataframe\">\n",
       "  <thead>\n",
       "    <tr style=\"text-align: right;\">\n",
       "      <th></th>\n",
       "      <th>Model</th>\n",
       "      <th>Accuracy</th>\n",
       "      <th>Precision</th>\n",
       "      <th>Recall</th>\n",
       "      <th>F1 Score</th>\n",
       "      <th>Cohen Kappa</th>\n",
       "      <th>AUC</th>\n",
       "    </tr>\n",
       "  </thead>\n",
       "  <tbody>\n",
       "    <tr>\n",
       "      <th>3</th>\n",
       "      <td>KNN</td>\n",
       "      <td>0.8867924528301887</td>\n",
       "      <td>0.915666094911378</td>\n",
       "      <td>0.8867924528301887</td>\n",
       "      <td>0.8948604720583846</td>\n",
       "      <td>0.8216489063376332</td>\n",
       "      <td>0.9822186147186147</td>\n",
       "    </tr>\n",
       "    <tr>\n",
       "      <th>3</th>\n",
       "      <td>KNN</td>\n",
       "      <td>0.8679245283018868</td>\n",
       "      <td>0.8747379454926624</td>\n",
       "      <td>0.8679245283018868</td>\n",
       "      <td>0.8708464517882625</td>\n",
       "      <td>0.7864133563615429</td>\n",
       "      <td>0.9720454545454545</td>\n",
       "    </tr>\n",
       "    <tr>\n",
       "      <th>3</th>\n",
       "      <td>KNN</td>\n",
       "      <td>0.9056603773584906</td>\n",
       "      <td>0.9112074690417595</td>\n",
       "      <td>0.9056603773584906</td>\n",
       "      <td>0.9070928417386283</td>\n",
       "      <td>0.8478760045924225</td>\n",
       "      <td>0.9739117364117363</td>\n",
       "    </tr>\n",
       "    <tr>\n",
       "      <th>3</th>\n",
       "      <td>KNN</td>\n",
       "      <td>0.8301886792452831</td>\n",
       "      <td>0.8160204575298915</td>\n",
       "      <td>0.8301886792452831</td>\n",
       "      <td>0.8213921555736882</td>\n",
       "      <td>0.7179183914843288</td>\n",
       "      <td>0.9561940836940837</td>\n",
       "    </tr>\n",
       "    <tr>\n",
       "      <th>2</th>\n",
       "      <td>LR</td>\n",
       "      <td>0.9056603773584906</td>\n",
       "      <td>0.9041837571780147</td>\n",
       "      <td>0.9056603773584906</td>\n",
       "      <td>0.8980659533533601</td>\n",
       "      <td>0.8426365795724465</td>\n",
       "      <td>0.9702861952861953</td>\n",
       "    </tr>\n",
       "    <tr>\n",
       "      <th>2</th>\n",
       "      <td>LR</td>\n",
       "      <td>0.8867924528301887</td>\n",
       "      <td>0.8867924528301887</td>\n",
       "      <td>0.8867924528301887</td>\n",
       "      <td>0.8729730886065117</td>\n",
       "      <td>0.8103756708407871</td>\n",
       "      <td>0.9622655122655122</td>\n",
       "    </tr>\n",
       "    <tr>\n",
       "      <th>2</th>\n",
       "      <td>LR</td>\n",
       "      <td>0.9056603773584906</td>\n",
       "      <td>0.9020664869721473</td>\n",
       "      <td>0.9056603773584906</td>\n",
       "      <td>0.9032060131922074</td>\n",
       "      <td>0.844847775175644</td>\n",
       "      <td>0.955026455026455</td>\n",
       "    </tr>\n",
       "    <tr>\n",
       "      <th>2</th>\n",
       "      <td>LR</td>\n",
       "      <td>0.8867924528301887</td>\n",
       "      <td>0.8919382504288165</td>\n",
       "      <td>0.8867924528301887</td>\n",
       "      <td>0.8878032345013478</td>\n",
       "      <td>0.8161849710982659</td>\n",
       "      <td>0.9588119288119289</td>\n",
       "    </tr>\n",
       "    <tr>\n",
       "      <th>1</th>\n",
       "      <td>SVC</td>\n",
       "      <td>0.9811320754716981</td>\n",
       "      <td>0.9832285115303984</td>\n",
       "      <td>0.9811320754716981</td>\n",
       "      <td>0.9814451179601014</td>\n",
       "      <td>0.9693995381062356</td>\n",
       "      <td>0.993939393939394</td>\n",
       "    </tr>\n",
       "    <tr>\n",
       "      <th>1</th>\n",
       "      <td>SVC</td>\n",
       "      <td>0.9433962264150944</td>\n",
       "      <td>0.9414264980302716</td>\n",
       "      <td>0.9433962264150944</td>\n",
       "      <td>0.9416944136145023</td>\n",
       "      <td>0.906635349383441</td>\n",
       "      <td>0.9855218855218855</td>\n",
       "    </tr>\n",
       "    <tr>\n",
       "      <th>1</th>\n",
       "      <td>SVC</td>\n",
       "      <td>0.9622641509433962</td>\n",
       "      <td>0.9622641509433962</td>\n",
       "      <td>0.9622641509433962</td>\n",
       "      <td>0.9622641509433962</td>\n",
       "      <td>0.9383720930232559</td>\n",
       "      <td>0.9817340067340069</td>\n",
       "    </tr>\n",
       "    <tr>\n",
       "      <th>1</th>\n",
       "      <td>SVC</td>\n",
       "      <td>0.9245283018867925</td>\n",
       "      <td>0.9216695254431103</td>\n",
       "      <td>0.9245283018867925</td>\n",
       "      <td>0.9200359389038634</td>\n",
       "      <td>0.875</td>\n",
       "      <td>0.9818470418470419</td>\n",
       "    </tr>\n",
       "  </tbody>\n",
       "</table>\n",
       "</div>"
      ],
      "text/plain": [
       "  Model            Accuracy           Precision              Recall  \\\n",
       "3   KNN  0.8867924528301887   0.915666094911378  0.8867924528301887   \n",
       "3   KNN  0.8679245283018868  0.8747379454926624  0.8679245283018868   \n",
       "3   KNN  0.9056603773584906  0.9112074690417595  0.9056603773584906   \n",
       "3   KNN  0.8301886792452831  0.8160204575298915  0.8301886792452831   \n",
       "2    LR  0.9056603773584906  0.9041837571780147  0.9056603773584906   \n",
       "2    LR  0.8867924528301887  0.8867924528301887  0.8867924528301887   \n",
       "2    LR  0.9056603773584906  0.9020664869721473  0.9056603773584906   \n",
       "2    LR  0.8867924528301887  0.8919382504288165  0.8867924528301887   \n",
       "1   SVC  0.9811320754716981  0.9832285115303984  0.9811320754716981   \n",
       "1   SVC  0.9433962264150944  0.9414264980302716  0.9433962264150944   \n",
       "1   SVC  0.9622641509433962  0.9622641509433962  0.9622641509433962   \n",
       "1   SVC  0.9245283018867925  0.9216695254431103  0.9245283018867925   \n",
       "\n",
       "             F1 Score         Cohen Kappa                 AUC  \n",
       "3  0.8948604720583846  0.8216489063376332  0.9822186147186147  \n",
       "3  0.8708464517882625  0.7864133563615429  0.9720454545454545  \n",
       "3  0.9070928417386283  0.8478760045924225  0.9739117364117363  \n",
       "3  0.8213921555736882  0.7179183914843288  0.9561940836940837  \n",
       "2  0.8980659533533601  0.8426365795724465  0.9702861952861953  \n",
       "2  0.8729730886065117  0.8103756708407871  0.9622655122655122  \n",
       "2  0.9032060131922074   0.844847775175644   0.955026455026455  \n",
       "2  0.8878032345013478  0.8161849710982659  0.9588119288119289  \n",
       "1  0.9814451179601014  0.9693995381062356   0.993939393939394  \n",
       "1  0.9416944136145023   0.906635349383441  0.9855218855218855  \n",
       "1  0.9622641509433962  0.9383720930232559  0.9817340067340069  \n",
       "1  0.9200359389038634               0.875  0.9818470418470419  "
      ]
     },
     "execution_count": 10,
     "metadata": {},
     "output_type": "execute_result"
    }
   ],
   "source": [
    "df"
   ]
  },
  {
   "cell_type": "code",
   "execution_count": 11,
   "id": "4863d2b9-0988-4f6d-acd0-5af4e47a4911",
   "metadata": {},
   "outputs": [],
   "source": [
    "df.to_csv('Moderately Imbalance 80-20 Applying IG.csv', index=False)"
   ]
  },
  {
   "cell_type": "code",
   "execution_count": null,
   "id": "2dd815a3-d2e1-4269-8c86-c20afbf53650",
   "metadata": {},
   "outputs": [],
   "source": []
  }
 ],
 "metadata": {
  "kernelspec": {
   "display_name": "Python 3 (ipykernel)",
   "language": "python",
   "name": "python3"
  },
  "language_info": {
   "codemirror_mode": {
    "name": "ipython",
    "version": 3
   },
   "file_extension": ".py",
   "mimetype": "text/x-python",
   "name": "python",
   "nbconvert_exporter": "python",
   "pygments_lexer": "ipython3",
   "version": "3.9.12"
  }
 },
 "nbformat": 4,
 "nbformat_minor": 5
}
