{
 "cells": [
  {
   "cell_type": "code",
   "execution_count": 1,
   "id": "42e8a043-34dc-43cf-b822-b36cf4b2d12a",
   "metadata": {},
   "outputs": [],
   "source": [
    "import pandas as pd"
   ]
  },
  {
   "cell_type": "code",
   "execution_count": 2,
   "id": "f3d0c1a4-9fed-4528-99d0-b103fe69bcb3",
   "metadata": {},
   "outputs": [],
   "source": [
    "df1 = pd.read_csv('LMCH Moderately Imbalance 70-30 Applying IG Top 4 features.csv')\n",
    "df2 = pd.read_csv('LMCH Moderately Imbalance 70-30 Applying IG Top 5 features.csv')\n",
    "df3 = pd.read_csv('LMCH Moderately Imbalance 70-30 Applying IG Top 7 features.csv')\n",
    "df4 = pd.read_csv('LMCH Moderately Imbalance 70-30 Applying IG Top 9 features.csv')"
   ]
  },
  {
   "cell_type": "code",
   "execution_count": 3,
   "id": "96dfaa5c-349a-4a1b-8b9a-fbab5c65ec5c",
   "metadata": {},
   "outputs": [
    {
     "data": {
      "text/html": [
       "<div>\n",
       "<style scoped>\n",
       "    .dataframe tbody tr th:only-of-type {\n",
       "        vertical-align: middle;\n",
       "    }\n",
       "\n",
       "    .dataframe tbody tr th {\n",
       "        vertical-align: top;\n",
       "    }\n",
       "\n",
       "    .dataframe thead th {\n",
       "        text-align: right;\n",
       "    }\n",
       "</style>\n",
       "<table border=\"1\" class=\"dataframe\">\n",
       "  <thead>\n",
       "    <tr style=\"text-align: right;\">\n",
       "      <th></th>\n",
       "      <th>Unnamed: 0</th>\n",
       "      <th>0</th>\n",
       "      <th>1</th>\n",
       "      <th>2</th>\n",
       "      <th>3</th>\n",
       "      <th>4</th>\n",
       "      <th>5</th>\n",
       "    </tr>\n",
       "  </thead>\n",
       "  <tbody>\n",
       "    <tr>\n",
       "      <th>0</th>\n",
       "      <td>Metrics</td>\n",
       "      <td>Accuracy</td>\n",
       "      <td>Precision</td>\n",
       "      <td>Recall</td>\n",
       "      <td>F1 Score</td>\n",
       "      <td>Cohen Kappa</td>\n",
       "      <td>AUC</td>\n",
       "    </tr>\n",
       "    <tr>\n",
       "      <th>1</th>\n",
       "      <td>SVC</td>\n",
       "      <td>0.875</td>\n",
       "      <td>0.8699107142857143</td>\n",
       "      <td>0.875</td>\n",
       "      <td>0.8707999386628501</td>\n",
       "      <td>0.7921538061834243</td>\n",
       "      <td>0.9769608565069573</td>\n",
       "    </tr>\n",
       "    <tr>\n",
       "      <th>2</th>\n",
       "      <td>LR</td>\n",
       "      <td>0.9125</td>\n",
       "      <td>0.9201923076923076</td>\n",
       "      <td>0.9125</td>\n",
       "      <td>0.9152217741935484</td>\n",
       "      <td>0.8574338085539714</td>\n",
       "      <td>0.9585961364233292</td>\n",
       "    </tr>\n",
       "    <tr>\n",
       "      <th>3</th>\n",
       "      <td>KNN</td>\n",
       "      <td>0.9</td>\n",
       "      <td>0.9004419191919192</td>\n",
       "      <td>0.9</td>\n",
       "      <td>0.9000526870389883</td>\n",
       "      <td>0.8355178617322025</td>\n",
       "      <td>0.9501255372212857</td>\n",
       "    </tr>\n",
       "  </tbody>\n",
       "</table>\n",
       "</div>"
      ],
      "text/plain": [
       "  Unnamed: 0         0                   1       2                   3  \\\n",
       "0    Metrics  Accuracy           Precision  Recall            F1 Score   \n",
       "1        SVC     0.875  0.8699107142857143   0.875  0.8707999386628501   \n",
       "2         LR    0.9125  0.9201923076923076  0.9125  0.9152217741935484   \n",
       "3        KNN       0.9  0.9004419191919192     0.9  0.9000526870389883   \n",
       "\n",
       "                    4                   5  \n",
       "0         Cohen Kappa                 AUC  \n",
       "1  0.7921538061834243  0.9769608565069573  \n",
       "2  0.8574338085539714  0.9585961364233292  \n",
       "3  0.8355178617322025  0.9501255372212857  "
      ]
     },
     "execution_count": 3,
     "metadata": {},
     "output_type": "execute_result"
    }
   ],
   "source": [
    "df4"
   ]
  },
  {
   "cell_type": "code",
   "execution_count": 4,
   "id": "24110537-6381-4188-bbf7-bf76a13c00ac",
   "metadata": {},
   "outputs": [
    {
     "data": {
      "text/html": [
       "<div>\n",
       "<style scoped>\n",
       "    .dataframe tbody tr th:only-of-type {\n",
       "        vertical-align: middle;\n",
       "    }\n",
       "\n",
       "    .dataframe tbody tr th {\n",
       "        vertical-align: top;\n",
       "    }\n",
       "\n",
       "    .dataframe thead th {\n",
       "        text-align: right;\n",
       "    }\n",
       "</style>\n",
       "<table border=\"1\" class=\"dataframe\">\n",
       "  <thead>\n",
       "    <tr style=\"text-align: right;\">\n",
       "      <th></th>\n",
       "      <th>Unnamed: 0</th>\n",
       "      <th>0</th>\n",
       "      <th>1</th>\n",
       "      <th>2</th>\n",
       "      <th>3</th>\n",
       "      <th>4</th>\n",
       "      <th>5</th>\n",
       "    </tr>\n",
       "  </thead>\n",
       "  <tbody>\n",
       "    <tr>\n",
       "      <th>1</th>\n",
       "      <td>SVC</td>\n",
       "      <td>0.875</td>\n",
       "      <td>0.8888655462184873</td>\n",
       "      <td>0.875</td>\n",
       "      <td>0.8799014084507043</td>\n",
       "      <td>0.798183652875883</td>\n",
       "      <td>0.9653431046607551</td>\n",
       "    </tr>\n",
       "    <tr>\n",
       "      <th>2</th>\n",
       "      <td>LR</td>\n",
       "      <td>0.9125</td>\n",
       "      <td>0.9150641025641025</td>\n",
       "      <td>0.9125</td>\n",
       "      <td>0.9130836162988116</td>\n",
       "      <td>0.8555211558307534</td>\n",
       "      <td>0.9599136594799828</td>\n",
       "    </tr>\n",
       "    <tr>\n",
       "      <th>3</th>\n",
       "      <td>KNN</td>\n",
       "      <td>0.8375</td>\n",
       "      <td>0.8532085253456222</td>\n",
       "      <td>0.8375</td>\n",
       "      <td>0.8438154761904763</td>\n",
       "      <td>0.7373074008588028</td>\n",
       "      <td>0.9427221292366799</td>\n",
       "    </tr>\n",
       "  </tbody>\n",
       "</table>\n",
       "</div>"
      ],
      "text/plain": [
       "  Unnamed: 0       0                   1       2                   3  \\\n",
       "1        SVC   0.875  0.8888655462184873   0.875  0.8799014084507043   \n",
       "2         LR  0.9125  0.9150641025641025  0.9125  0.9130836162988116   \n",
       "3        KNN  0.8375  0.8532085253456222  0.8375  0.8438154761904763   \n",
       "\n",
       "                    4                   5  \n",
       "1   0.798183652875883  0.9653431046607551  \n",
       "2  0.8555211558307534  0.9599136594799828  \n",
       "3  0.7373074008588028  0.9427221292366799  "
      ]
     },
     "execution_count": 4,
     "metadata": {},
     "output_type": "execute_result"
    }
   ],
   "source": [
    "df2 = df2.drop(0, axis=0)\n",
    "df3 = df3.drop(0, axis=0)\n",
    "df4 = df4.drop(0, axis=0)\n",
    "df2"
   ]
  },
  {
   "cell_type": "code",
   "execution_count": 5,
   "id": "18e576c3-2e93-4c37-b3bd-594bbd25fb88",
   "metadata": {},
   "outputs": [
    {
     "data": {
      "text/html": [
       "<div>\n",
       "<style scoped>\n",
       "    .dataframe tbody tr th:only-of-type {\n",
       "        vertical-align: middle;\n",
       "    }\n",
       "\n",
       "    .dataframe tbody tr th {\n",
       "        vertical-align: top;\n",
       "    }\n",
       "\n",
       "    .dataframe thead th {\n",
       "        text-align: right;\n",
       "    }\n",
       "</style>\n",
       "<table border=\"1\" class=\"dataframe\">\n",
       "  <thead>\n",
       "    <tr style=\"text-align: right;\">\n",
       "      <th></th>\n",
       "      <th>Unnamed: 0</th>\n",
       "      <th>0</th>\n",
       "      <th>1</th>\n",
       "      <th>2</th>\n",
       "      <th>3</th>\n",
       "      <th>4</th>\n",
       "      <th>5</th>\n",
       "    </tr>\n",
       "  </thead>\n",
       "  <tbody>\n",
       "    <tr>\n",
       "      <th>0</th>\n",
       "      <td>Metrics</td>\n",
       "      <td>Accuracy</td>\n",
       "      <td>Precision</td>\n",
       "      <td>Recall</td>\n",
       "      <td>F1 Score</td>\n",
       "      <td>Cohen Kappa</td>\n",
       "      <td>AUC</td>\n",
       "    </tr>\n",
       "    <tr>\n",
       "      <th>1</th>\n",
       "      <td>SVC</td>\n",
       "      <td>0.8875</td>\n",
       "      <td>0.9161764705882351</td>\n",
       "      <td>0.8875</td>\n",
       "      <td>0.8954435630174489</td>\n",
       "      <td>0.8212068537372734</td>\n",
       "      <td>0.9874377978306347</td>\n",
       "    </tr>\n",
       "    <tr>\n",
       "      <th>2</th>\n",
       "      <td>LR</td>\n",
       "      <td>0.9125</td>\n",
       "      <td>0.909508547008547</td>\n",
       "      <td>0.9125</td>\n",
       "      <td>0.9097368421052632</td>\n",
       "      <td>0.8539384454877412</td>\n",
       "      <td>0.9625234083414695</td>\n",
       "    </tr>\n",
       "    <tr>\n",
       "      <th>3</th>\n",
       "      <td>KNN</td>\n",
       "      <td>0.875</td>\n",
       "      <td>0.875</td>\n",
       "      <td>0.875</td>\n",
       "      <td>0.875</td>\n",
       "      <td>0.7941327843540916</td>\n",
       "      <td>0.9452688527788059</td>\n",
       "    </tr>\n",
       "    <tr>\n",
       "      <th>1</th>\n",
       "      <td>SVC</td>\n",
       "      <td>0.875</td>\n",
       "      <td>0.8888655462184873</td>\n",
       "      <td>0.875</td>\n",
       "      <td>0.8799014084507043</td>\n",
       "      <td>0.798183652875883</td>\n",
       "      <td>0.9653431046607551</td>\n",
       "    </tr>\n",
       "    <tr>\n",
       "      <th>2</th>\n",
       "      <td>LR</td>\n",
       "      <td>0.9125</td>\n",
       "      <td>0.9150641025641025</td>\n",
       "      <td>0.9125</td>\n",
       "      <td>0.9130836162988116</td>\n",
       "      <td>0.8555211558307534</td>\n",
       "      <td>0.9599136594799828</td>\n",
       "    </tr>\n",
       "    <tr>\n",
       "      <th>3</th>\n",
       "      <td>KNN</td>\n",
       "      <td>0.8375</td>\n",
       "      <td>0.8532085253456222</td>\n",
       "      <td>0.8375</td>\n",
       "      <td>0.8438154761904763</td>\n",
       "      <td>0.7373074008588028</td>\n",
       "      <td>0.9427221292366799</td>\n",
       "    </tr>\n",
       "    <tr>\n",
       "      <th>1</th>\n",
       "      <td>SVC</td>\n",
       "      <td>0.875</td>\n",
       "      <td>0.878823051948052</td>\n",
       "      <td>0.875</td>\n",
       "      <td>0.8763452248234858</td>\n",
       "      <td>0.7957620628031657</td>\n",
       "      <td>0.9682401769717713</td>\n",
       "    </tr>\n",
       "    <tr>\n",
       "      <th>2</th>\n",
       "      <td>LR</td>\n",
       "      <td>0.9125</td>\n",
       "      <td>0.9201923076923076</td>\n",
       "      <td>0.9125</td>\n",
       "      <td>0.9152217741935484</td>\n",
       "      <td>0.8574338085539714</td>\n",
       "      <td>0.9586237891521795</td>\n",
       "    </tr>\n",
       "    <tr>\n",
       "      <th>3</th>\n",
       "      <td>KNN</td>\n",
       "      <td>0.8375</td>\n",
       "      <td>0.8495329670329671</td>\n",
       "      <td>0.8375</td>\n",
       "      <td>0.8427083333333334</td>\n",
       "      <td>0.7359065515490096</td>\n",
       "      <td>0.9467904895923649</td>\n",
       "    </tr>\n",
       "    <tr>\n",
       "      <th>1</th>\n",
       "      <td>SVC</td>\n",
       "      <td>0.875</td>\n",
       "      <td>0.8699107142857143</td>\n",
       "      <td>0.875</td>\n",
       "      <td>0.8707999386628501</td>\n",
       "      <td>0.7921538061834243</td>\n",
       "      <td>0.9769608565069573</td>\n",
       "    </tr>\n",
       "    <tr>\n",
       "      <th>2</th>\n",
       "      <td>LR</td>\n",
       "      <td>0.9125</td>\n",
       "      <td>0.9201923076923076</td>\n",
       "      <td>0.9125</td>\n",
       "      <td>0.9152217741935484</td>\n",
       "      <td>0.8574338085539714</td>\n",
       "      <td>0.9585961364233292</td>\n",
       "    </tr>\n",
       "    <tr>\n",
       "      <th>3</th>\n",
       "      <td>KNN</td>\n",
       "      <td>0.9</td>\n",
       "      <td>0.9004419191919192</td>\n",
       "      <td>0.9</td>\n",
       "      <td>0.9000526870389883</td>\n",
       "      <td>0.8355178617322025</td>\n",
       "      <td>0.9501255372212857</td>\n",
       "    </tr>\n",
       "  </tbody>\n",
       "</table>\n",
       "</div>"
      ],
      "text/plain": [
       "  Unnamed: 0         0                   1       2                   3  \\\n",
       "0    Metrics  Accuracy           Precision  Recall            F1 Score   \n",
       "1        SVC    0.8875  0.9161764705882351  0.8875  0.8954435630174489   \n",
       "2         LR    0.9125   0.909508547008547  0.9125  0.9097368421052632   \n",
       "3        KNN     0.875               0.875   0.875               0.875   \n",
       "1        SVC     0.875  0.8888655462184873   0.875  0.8799014084507043   \n",
       "2         LR    0.9125  0.9150641025641025  0.9125  0.9130836162988116   \n",
       "3        KNN    0.8375  0.8532085253456222  0.8375  0.8438154761904763   \n",
       "1        SVC     0.875   0.878823051948052   0.875  0.8763452248234858   \n",
       "2         LR    0.9125  0.9201923076923076  0.9125  0.9152217741935484   \n",
       "3        KNN    0.8375  0.8495329670329671  0.8375  0.8427083333333334   \n",
       "1        SVC     0.875  0.8699107142857143   0.875  0.8707999386628501   \n",
       "2         LR    0.9125  0.9201923076923076  0.9125  0.9152217741935484   \n",
       "3        KNN       0.9  0.9004419191919192     0.9  0.9000526870389883   \n",
       "\n",
       "                    4                   5  \n",
       "0         Cohen Kappa                 AUC  \n",
       "1  0.8212068537372734  0.9874377978306347  \n",
       "2  0.8539384454877412  0.9625234083414695  \n",
       "3  0.7941327843540916  0.9452688527788059  \n",
       "1   0.798183652875883  0.9653431046607551  \n",
       "2  0.8555211558307534  0.9599136594799828  \n",
       "3  0.7373074008588028  0.9427221292366799  \n",
       "1  0.7957620628031657  0.9682401769717713  \n",
       "2  0.8574338085539714  0.9586237891521795  \n",
       "3  0.7359065515490096  0.9467904895923649  \n",
       "1  0.7921538061834243  0.9769608565069573  \n",
       "2  0.8574338085539714  0.9585961364233292  \n",
       "3  0.8355178617322025  0.9501255372212857  "
      ]
     },
     "execution_count": 5,
     "metadata": {},
     "output_type": "execute_result"
    }
   ],
   "source": [
    "df = pd.concat([df1, df2, df3, df4])\n",
    "df"
   ]
  },
  {
   "cell_type": "code",
   "execution_count": 6,
   "id": "072fabbe-9403-4676-8047-37aa29f78fd6",
   "metadata": {},
   "outputs": [],
   "source": [
    "df = df.drop(0, axis=0)"
   ]
  },
  {
   "cell_type": "code",
   "execution_count": 7,
   "id": "35a1b3e6-1e61-4154-bad9-f3e521383935",
   "metadata": {},
   "outputs": [],
   "source": [
    "df.rename(columns={'Unnamed: 0': 'Model', '0': 'Accuracy', '1': 'Precision', '2': 'Recall', '3': 'F1 Score', '4': 'Cohen Kappa', '5': 'AUC'}, inplace=True)"
   ]
  },
  {
   "cell_type": "code",
   "execution_count": 8,
   "id": "90b855a1-f700-41af-af22-b960335932f0",
   "metadata": {},
   "outputs": [
    {
     "data": {
      "text/html": [
       "<div>\n",
       "<style scoped>\n",
       "    .dataframe tbody tr th:only-of-type {\n",
       "        vertical-align: middle;\n",
       "    }\n",
       "\n",
       "    .dataframe tbody tr th {\n",
       "        vertical-align: top;\n",
       "    }\n",
       "\n",
       "    .dataframe thead th {\n",
       "        text-align: right;\n",
       "    }\n",
       "</style>\n",
       "<table border=\"1\" class=\"dataframe\">\n",
       "  <thead>\n",
       "    <tr style=\"text-align: right;\">\n",
       "      <th></th>\n",
       "      <th>Model</th>\n",
       "      <th>Accuracy</th>\n",
       "      <th>Precision</th>\n",
       "      <th>Recall</th>\n",
       "      <th>F1 Score</th>\n",
       "      <th>Cohen Kappa</th>\n",
       "      <th>AUC</th>\n",
       "    </tr>\n",
       "  </thead>\n",
       "  <tbody>\n",
       "    <tr>\n",
       "      <th>1</th>\n",
       "      <td>SVC</td>\n",
       "      <td>0.8875</td>\n",
       "      <td>0.9161764705882351</td>\n",
       "      <td>0.8875</td>\n",
       "      <td>0.8954435630174489</td>\n",
       "      <td>0.8212068537372734</td>\n",
       "      <td>0.9874377978306347</td>\n",
       "    </tr>\n",
       "    <tr>\n",
       "      <th>2</th>\n",
       "      <td>LR</td>\n",
       "      <td>0.9125</td>\n",
       "      <td>0.909508547008547</td>\n",
       "      <td>0.9125</td>\n",
       "      <td>0.9097368421052632</td>\n",
       "      <td>0.8539384454877412</td>\n",
       "      <td>0.9625234083414695</td>\n",
       "    </tr>\n",
       "    <tr>\n",
       "      <th>3</th>\n",
       "      <td>KNN</td>\n",
       "      <td>0.875</td>\n",
       "      <td>0.875</td>\n",
       "      <td>0.875</td>\n",
       "      <td>0.875</td>\n",
       "      <td>0.7941327843540916</td>\n",
       "      <td>0.9452688527788059</td>\n",
       "    </tr>\n",
       "    <tr>\n",
       "      <th>1</th>\n",
       "      <td>SVC</td>\n",
       "      <td>0.875</td>\n",
       "      <td>0.8888655462184873</td>\n",
       "      <td>0.875</td>\n",
       "      <td>0.8799014084507043</td>\n",
       "      <td>0.798183652875883</td>\n",
       "      <td>0.9653431046607551</td>\n",
       "    </tr>\n",
       "    <tr>\n",
       "      <th>2</th>\n",
       "      <td>LR</td>\n",
       "      <td>0.9125</td>\n",
       "      <td>0.9150641025641025</td>\n",
       "      <td>0.9125</td>\n",
       "      <td>0.9130836162988116</td>\n",
       "      <td>0.8555211558307534</td>\n",
       "      <td>0.9599136594799828</td>\n",
       "    </tr>\n",
       "    <tr>\n",
       "      <th>3</th>\n",
       "      <td>KNN</td>\n",
       "      <td>0.8375</td>\n",
       "      <td>0.8532085253456222</td>\n",
       "      <td>0.8375</td>\n",
       "      <td>0.8438154761904763</td>\n",
       "      <td>0.7373074008588028</td>\n",
       "      <td>0.9427221292366799</td>\n",
       "    </tr>\n",
       "    <tr>\n",
       "      <th>1</th>\n",
       "      <td>SVC</td>\n",
       "      <td>0.875</td>\n",
       "      <td>0.878823051948052</td>\n",
       "      <td>0.875</td>\n",
       "      <td>0.8763452248234858</td>\n",
       "      <td>0.7957620628031657</td>\n",
       "      <td>0.9682401769717713</td>\n",
       "    </tr>\n",
       "    <tr>\n",
       "      <th>2</th>\n",
       "      <td>LR</td>\n",
       "      <td>0.9125</td>\n",
       "      <td>0.9201923076923076</td>\n",
       "      <td>0.9125</td>\n",
       "      <td>0.9152217741935484</td>\n",
       "      <td>0.8574338085539714</td>\n",
       "      <td>0.9586237891521795</td>\n",
       "    </tr>\n",
       "    <tr>\n",
       "      <th>3</th>\n",
       "      <td>KNN</td>\n",
       "      <td>0.8375</td>\n",
       "      <td>0.8495329670329671</td>\n",
       "      <td>0.8375</td>\n",
       "      <td>0.8427083333333334</td>\n",
       "      <td>0.7359065515490096</td>\n",
       "      <td>0.9467904895923649</td>\n",
       "    </tr>\n",
       "    <tr>\n",
       "      <th>1</th>\n",
       "      <td>SVC</td>\n",
       "      <td>0.875</td>\n",
       "      <td>0.8699107142857143</td>\n",
       "      <td>0.875</td>\n",
       "      <td>0.8707999386628501</td>\n",
       "      <td>0.7921538061834243</td>\n",
       "      <td>0.9769608565069573</td>\n",
       "    </tr>\n",
       "    <tr>\n",
       "      <th>2</th>\n",
       "      <td>LR</td>\n",
       "      <td>0.9125</td>\n",
       "      <td>0.9201923076923076</td>\n",
       "      <td>0.9125</td>\n",
       "      <td>0.9152217741935484</td>\n",
       "      <td>0.8574338085539714</td>\n",
       "      <td>0.9585961364233292</td>\n",
       "    </tr>\n",
       "    <tr>\n",
       "      <th>3</th>\n",
       "      <td>KNN</td>\n",
       "      <td>0.9</td>\n",
       "      <td>0.9004419191919192</td>\n",
       "      <td>0.9</td>\n",
       "      <td>0.9000526870389883</td>\n",
       "      <td>0.8355178617322025</td>\n",
       "      <td>0.9501255372212857</td>\n",
       "    </tr>\n",
       "  </tbody>\n",
       "</table>\n",
       "</div>"
      ],
      "text/plain": [
       "  Model Accuracy           Precision  Recall            F1 Score  \\\n",
       "1   SVC   0.8875  0.9161764705882351  0.8875  0.8954435630174489   \n",
       "2    LR   0.9125   0.909508547008547  0.9125  0.9097368421052632   \n",
       "3   KNN    0.875               0.875   0.875               0.875   \n",
       "1   SVC    0.875  0.8888655462184873   0.875  0.8799014084507043   \n",
       "2    LR   0.9125  0.9150641025641025  0.9125  0.9130836162988116   \n",
       "3   KNN   0.8375  0.8532085253456222  0.8375  0.8438154761904763   \n",
       "1   SVC    0.875   0.878823051948052   0.875  0.8763452248234858   \n",
       "2    LR   0.9125  0.9201923076923076  0.9125  0.9152217741935484   \n",
       "3   KNN   0.8375  0.8495329670329671  0.8375  0.8427083333333334   \n",
       "1   SVC    0.875  0.8699107142857143   0.875  0.8707999386628501   \n",
       "2    LR   0.9125  0.9201923076923076  0.9125  0.9152217741935484   \n",
       "3   KNN      0.9  0.9004419191919192     0.9  0.9000526870389883   \n",
       "\n",
       "          Cohen Kappa                 AUC  \n",
       "1  0.8212068537372734  0.9874377978306347  \n",
       "2  0.8539384454877412  0.9625234083414695  \n",
       "3  0.7941327843540916  0.9452688527788059  \n",
       "1   0.798183652875883  0.9653431046607551  \n",
       "2  0.8555211558307534  0.9599136594799828  \n",
       "3  0.7373074008588028  0.9427221292366799  \n",
       "1  0.7957620628031657  0.9682401769717713  \n",
       "2  0.8574338085539714  0.9586237891521795  \n",
       "3  0.7359065515490096  0.9467904895923649  \n",
       "1  0.7921538061834243  0.9769608565069573  \n",
       "2  0.8574338085539714  0.9585961364233292  \n",
       "3  0.8355178617322025  0.9501255372212857  "
      ]
     },
     "execution_count": 8,
     "metadata": {},
     "output_type": "execute_result"
    }
   ],
   "source": [
    "df"
   ]
  },
  {
   "cell_type": "code",
   "execution_count": 9,
   "id": "1e774346-9650-41cb-bacb-b8e4dc1f9499",
   "metadata": {},
   "outputs": [],
   "source": [
    "df = df.sort_values('Model')"
   ]
  },
  {
   "cell_type": "code",
   "execution_count": 10,
   "id": "b748ed33-684f-41fc-aefc-ffb8cfc3fe9f",
   "metadata": {},
   "outputs": [
    {
     "data": {
      "text/html": [
       "<div>\n",
       "<style scoped>\n",
       "    .dataframe tbody tr th:only-of-type {\n",
       "        vertical-align: middle;\n",
       "    }\n",
       "\n",
       "    .dataframe tbody tr th {\n",
       "        vertical-align: top;\n",
       "    }\n",
       "\n",
       "    .dataframe thead th {\n",
       "        text-align: right;\n",
       "    }\n",
       "</style>\n",
       "<table border=\"1\" class=\"dataframe\">\n",
       "  <thead>\n",
       "    <tr style=\"text-align: right;\">\n",
       "      <th></th>\n",
       "      <th>Model</th>\n",
       "      <th>Accuracy</th>\n",
       "      <th>Precision</th>\n",
       "      <th>Recall</th>\n",
       "      <th>F1 Score</th>\n",
       "      <th>Cohen Kappa</th>\n",
       "      <th>AUC</th>\n",
       "    </tr>\n",
       "  </thead>\n",
       "  <tbody>\n",
       "    <tr>\n",
       "      <th>3</th>\n",
       "      <td>KNN</td>\n",
       "      <td>0.875</td>\n",
       "      <td>0.875</td>\n",
       "      <td>0.875</td>\n",
       "      <td>0.875</td>\n",
       "      <td>0.7941327843540916</td>\n",
       "      <td>0.9452688527788059</td>\n",
       "    </tr>\n",
       "    <tr>\n",
       "      <th>3</th>\n",
       "      <td>KNN</td>\n",
       "      <td>0.8375</td>\n",
       "      <td>0.8532085253456222</td>\n",
       "      <td>0.8375</td>\n",
       "      <td>0.8438154761904763</td>\n",
       "      <td>0.7373074008588028</td>\n",
       "      <td>0.9427221292366799</td>\n",
       "    </tr>\n",
       "    <tr>\n",
       "      <th>3</th>\n",
       "      <td>KNN</td>\n",
       "      <td>0.8375</td>\n",
       "      <td>0.8495329670329671</td>\n",
       "      <td>0.8375</td>\n",
       "      <td>0.8427083333333334</td>\n",
       "      <td>0.7359065515490096</td>\n",
       "      <td>0.9467904895923649</td>\n",
       "    </tr>\n",
       "    <tr>\n",
       "      <th>3</th>\n",
       "      <td>KNN</td>\n",
       "      <td>0.9</td>\n",
       "      <td>0.9004419191919192</td>\n",
       "      <td>0.9</td>\n",
       "      <td>0.9000526870389883</td>\n",
       "      <td>0.8355178617322025</td>\n",
       "      <td>0.9501255372212857</td>\n",
       "    </tr>\n",
       "    <tr>\n",
       "      <th>2</th>\n",
       "      <td>LR</td>\n",
       "      <td>0.9125</td>\n",
       "      <td>0.909508547008547</td>\n",
       "      <td>0.9125</td>\n",
       "      <td>0.9097368421052632</td>\n",
       "      <td>0.8539384454877412</td>\n",
       "      <td>0.9625234083414695</td>\n",
       "    </tr>\n",
       "    <tr>\n",
       "      <th>2</th>\n",
       "      <td>LR</td>\n",
       "      <td>0.9125</td>\n",
       "      <td>0.9150641025641025</td>\n",
       "      <td>0.9125</td>\n",
       "      <td>0.9130836162988116</td>\n",
       "      <td>0.8555211558307534</td>\n",
       "      <td>0.9599136594799828</td>\n",
       "    </tr>\n",
       "    <tr>\n",
       "      <th>2</th>\n",
       "      <td>LR</td>\n",
       "      <td>0.9125</td>\n",
       "      <td>0.9201923076923076</td>\n",
       "      <td>0.9125</td>\n",
       "      <td>0.9152217741935484</td>\n",
       "      <td>0.8574338085539714</td>\n",
       "      <td>0.9586237891521795</td>\n",
       "    </tr>\n",
       "    <tr>\n",
       "      <th>2</th>\n",
       "      <td>LR</td>\n",
       "      <td>0.9125</td>\n",
       "      <td>0.9201923076923076</td>\n",
       "      <td>0.9125</td>\n",
       "      <td>0.9152217741935484</td>\n",
       "      <td>0.8574338085539714</td>\n",
       "      <td>0.9585961364233292</td>\n",
       "    </tr>\n",
       "    <tr>\n",
       "      <th>1</th>\n",
       "      <td>SVC</td>\n",
       "      <td>0.8875</td>\n",
       "      <td>0.9161764705882351</td>\n",
       "      <td>0.8875</td>\n",
       "      <td>0.8954435630174489</td>\n",
       "      <td>0.8212068537372734</td>\n",
       "      <td>0.9874377978306347</td>\n",
       "    </tr>\n",
       "    <tr>\n",
       "      <th>1</th>\n",
       "      <td>SVC</td>\n",
       "      <td>0.875</td>\n",
       "      <td>0.8888655462184873</td>\n",
       "      <td>0.875</td>\n",
       "      <td>0.8799014084507043</td>\n",
       "      <td>0.798183652875883</td>\n",
       "      <td>0.9653431046607551</td>\n",
       "    </tr>\n",
       "    <tr>\n",
       "      <th>1</th>\n",
       "      <td>SVC</td>\n",
       "      <td>0.875</td>\n",
       "      <td>0.878823051948052</td>\n",
       "      <td>0.875</td>\n",
       "      <td>0.8763452248234858</td>\n",
       "      <td>0.7957620628031657</td>\n",
       "      <td>0.9682401769717713</td>\n",
       "    </tr>\n",
       "    <tr>\n",
       "      <th>1</th>\n",
       "      <td>SVC</td>\n",
       "      <td>0.875</td>\n",
       "      <td>0.8699107142857143</td>\n",
       "      <td>0.875</td>\n",
       "      <td>0.8707999386628501</td>\n",
       "      <td>0.7921538061834243</td>\n",
       "      <td>0.9769608565069573</td>\n",
       "    </tr>\n",
       "  </tbody>\n",
       "</table>\n",
       "</div>"
      ],
      "text/plain": [
       "  Model Accuracy           Precision  Recall            F1 Score  \\\n",
       "3   KNN    0.875               0.875   0.875               0.875   \n",
       "3   KNN   0.8375  0.8532085253456222  0.8375  0.8438154761904763   \n",
       "3   KNN   0.8375  0.8495329670329671  0.8375  0.8427083333333334   \n",
       "3   KNN      0.9  0.9004419191919192     0.9  0.9000526870389883   \n",
       "2    LR   0.9125   0.909508547008547  0.9125  0.9097368421052632   \n",
       "2    LR   0.9125  0.9150641025641025  0.9125  0.9130836162988116   \n",
       "2    LR   0.9125  0.9201923076923076  0.9125  0.9152217741935484   \n",
       "2    LR   0.9125  0.9201923076923076  0.9125  0.9152217741935484   \n",
       "1   SVC   0.8875  0.9161764705882351  0.8875  0.8954435630174489   \n",
       "1   SVC    0.875  0.8888655462184873   0.875  0.8799014084507043   \n",
       "1   SVC    0.875   0.878823051948052   0.875  0.8763452248234858   \n",
       "1   SVC    0.875  0.8699107142857143   0.875  0.8707999386628501   \n",
       "\n",
       "          Cohen Kappa                 AUC  \n",
       "3  0.7941327843540916  0.9452688527788059  \n",
       "3  0.7373074008588028  0.9427221292366799  \n",
       "3  0.7359065515490096  0.9467904895923649  \n",
       "3  0.8355178617322025  0.9501255372212857  \n",
       "2  0.8539384454877412  0.9625234083414695  \n",
       "2  0.8555211558307534  0.9599136594799828  \n",
       "2  0.8574338085539714  0.9586237891521795  \n",
       "2  0.8574338085539714  0.9585961364233292  \n",
       "1  0.8212068537372734  0.9874377978306347  \n",
       "1   0.798183652875883  0.9653431046607551  \n",
       "1  0.7957620628031657  0.9682401769717713  \n",
       "1  0.7921538061834243  0.9769608565069573  "
      ]
     },
     "execution_count": 10,
     "metadata": {},
     "output_type": "execute_result"
    }
   ],
   "source": [
    "df"
   ]
  },
  {
   "cell_type": "code",
   "execution_count": 11,
   "id": "4863d2b9-0988-4f6d-acd0-5af4e47a4911",
   "metadata": {},
   "outputs": [],
   "source": [
    "df.to_csv('Moderately Imbalance 70-30 Applying IG.csv', index=False)"
   ]
  },
  {
   "cell_type": "code",
   "execution_count": null,
   "id": "2dd815a3-d2e1-4269-8c86-c20afbf53650",
   "metadata": {},
   "outputs": [],
   "source": []
  }
 ],
 "metadata": {
  "kernelspec": {
   "display_name": "Python 3 (ipykernel)",
   "language": "python",
   "name": "python3"
  },
  "language_info": {
   "codemirror_mode": {
    "name": "ipython",
    "version": 3
   },
   "file_extension": ".py",
   "mimetype": "text/x-python",
   "name": "python",
   "nbconvert_exporter": "python",
   "pygments_lexer": "ipython3",
   "version": "3.9.12"
  }
 },
 "nbformat": 4,
 "nbformat_minor": 5
}
